version 2
run First-n2-16-20191125-12:37:07-4460
attr configname First-n2
attr datetime 20191125-12:37:07
attr experiment First-n2
attr inifile omnetpp.ini
attr iterationvars ""
attr iterationvarsf ""
attr measurement ""
attr network org.omnetpp.queueing.Pizza
attr processid 4460
attr repetition 16
attr replication ""
attr resultdir results_no_transient
attr runnumber 16
attr seedset 16
param **.PS.maxInventoriedPS 2
param **.U1.interArrivalTime exponential(2s)
param **.U2.interArrivalTime exponential(4s)
param **.PS.serviceTimeForInventoryU1 exponential(0.8s)
param **.PS.serviceTimeForInventoryU2 exponential(1.0s)
param **.PS.serviceTimeDirectU1 exponential(1.2s)
param **.PS.serviceTimeDirectU2 exponential(1.4s)
param **.PS.probabilityProducing 0.5
param **.CS.serviceTimeU1 exponential(0.8s)
param **.CS.serviceTimeU2 exponential(1.0s)

vector 0 Pizza.EntryQueueU1 queueLength:vector ETV
attr interpolationmode sample-hold
attr title "queue length, vector"
vector 1 Pizza.CS queueLength:vector ETV
attr interpolationmode sample-hold
attr title "queue length, vector"
vector 2 Pizza.EntryQueueU2 queueLength:vector ETV
attr interpolationmode sample-hold
attr title "queue length, vector"
vector 3 Pizza.sink lifeTime:vector ETV
attr interpolationmode none
attr title "lifetime of arrived jobs, vector"
attr unit s
vector 4 Pizza.sink lifeTimeU1:vector ETV
attr interpolationmode none
attr title "lifetime of arrived jobs, vector"
attr unit s
vector 5 Pizza.sink lifeTimeU2:vector ETV
attr interpolationmode none
attr title "lifetime of arrived jobs, vector"
attr unit s
0	0	0	0
0	51	8.758418346936	1
0	52	9.256358353143	0
0	80	11.435068074904	1
0	83	13.383727728661	0
0	97	14.560642099579	1
0	98	14.959943720007	0
0	120	19.105981451438	1
0	122	19.454043636328	2
0	123	19.612754943985	1
0	128	19.728323048563	0
0	135	20.287118800334	1
0	137	20.772355160759	2
0	139	20.793033094484	3
0	141	21.148421537558	2
0	148	21.674411859921	3
0	149	21.915759809445	2
0	155	22.198194619324	3
0	156	23.000687762185	2
0	160	23.192086063591	3
0	166	24.808251483144	4
0	168	25.042134749955	3
0	173	27.68143541558	2
0	180	30.888273825152	1
0	186	31.962607001472	2
0	187	32.002749010933	1
0	191	33.105991601843	2
0	194	33.600879064374	1
0	202	35.570571754827	2
0	203	35.987594716622	1
0	209	37.865777809558	2
0	213	38.105250123601	3
0	215	38.549444885353	4
0	216	40.703988059053	3
0	225	42.3932846137	2
0	232	43.661530566621	1
0	239	44.078841960762	0
0	252	48.346142886824	1
0	254	48.506541398172	2
0	255	48.641741890762	1
0	260	49.545876371692	0
0	277	52.031254246227	1
0	281	52.913507404366	2
0	284	53.332430667838	1
0	292	55.037222592789	2
0	295	55.935042913072	1
0	302	56.472233724206	2
0	303	56.559922687248	1
0	309	57.385914133264	0
0	320	58.922063180805	1
0	321	59.230897556387	0
0	331	60.890002037738	1
0	333	61.127004783135	2
0	336	61.473661430787	1
0	341	61.533960251921	0
0	345	64.684490670213	1
0	353	65.170048804915	0
0	369	67.364377197007	1
0	371	67.432383432834	2
0	376	68.333572270121	1
0	383	71.54951785516	0
0	387	71.967138716084	1
0	390	72.681544304166	0
0	394	73.565310567194	1
0	396	73.892260939953	2
0	400	74.332250931642	3
0	401	74.892159379617	2
0	405	75.177282896908	3
0	409	76.742836062211	2
0	414	77.556609238986	1
0	419	78.586505862481	0
0	423	78.977000139762	1
0	428	81.083947589745	2
0	430	81.471486335185	1
0	438	81.620684230912	0
0	450	82.807200741461	1
0	452	83.7340941089	0
0	470	86.381894911075	1
0	474	87.217453733091	2
0	475	87.263214931352	1
0	480	87.934428644315	0
0	496	90.718427661778	1
0	498	91.788671250202	0
0	509	92.418985626287	1
0	511	93.397065467642	0
0	518	93.492414045587	1
0	521	95.136389565797	0
0	536	96.974932260688	1
0	538	97.803178404108	2
0	546	99.871070501772	1
1	0	0	0
2	0	0	0
2	33	5.825214860208	1
2	34	5.847245194312	0
2	73	11.194196079401	1
2	74	11.240025766284	0
2	164	24.443881901151	1
2	179	29.461574478163	2
2	198	34.376196319336	3
2	211	37.989893965305	4
2	220	41.704342528493	5
2	222	42.018069188457	6
2	238	44.020694696733	7
2	244	46.79643484939	6
2	265	49.602484593204	5
2	271	50.567178792249	4
2	279	52.192696307241	5
2	283	53.029472792959	6
2	294	55.216819459311	7
2	314	58.766816524842	6
2	327	60.846545003314	5
2	349	64.796818971663	6
2	358	65.735612807086	5
2	363	65.850172446622	4
2	373	67.918946156851	5
2	375	68.327116797067	6
2	380	68.59717463971	7
2	436	81.557110472729	8
2	443	81.747387946423	7
2	458	84.473151923109	8
2	461	84.863356190704	7
2	466	85.702767183534	6
2	485	88.326787539661	5
2	490	90.278639707249	4
2	503	92.082616578648	3
2	526	95.335593275734	2
2	532	96.432723996229	1
2	543	98.519523842259	2
2	545	99.357268813757	3
3	7	0.611476025569	0.106096790346
3	17	1.654916754784	0.072920069745
3	24	2.650047837663	0.663506016686
3	36	5.847245194312	0.13800994701
3	41	6.19465923499	0.369444374782
3	54	9.256358353143	0.982241461704
3	58	9.429506640432	0.671088293496
3	65	9.875914836557	0.112326147994
3	76	11.240025766284	0.222539054775
3	85	13.383727728661	2.18953164926
3	90	13.464882848787	2.029814773883
3	100	14.959943720007	0.631104544114
3	104	15.896803993005	1.336161893426
3	113	17.2526485208	0.787696228587
3	125	19.612754943985	0.862765959718
3	130	19.728323048563	0.622341597125
3	143	21.148421537558	1.69437790123
3	151	21.915759809445	1.628641009111
3	158	23.000687762185	2.228332601426
3	170	25.042134749955	4.249101655471
3	175	27.68143541558	6.007023555659
3	182	30.888273825152	8.690079205828
3	189	32.002749010933	8.810662947342
3	196	33.600879064374	8.79262758123
3	205	35.987594716622	4.02498771515
3	218	40.703988059053	7.59799645721
3	227	42.3932846137	6.822712858873
3	234	43.661530566621	5.795752757063
3	241	44.078841960762	5.973591837161
3	246	46.79643484939	8.246989964037
3	257	48.641741890762	24.197859989611
3	262	49.545876371692	1.199733484868
3	267	49.602484593204	1.095943195032
3	273	50.567178792249	21.105604314086
3	286	53.332430667838	18.956234348502
3	297	55.935042913072	3.903788666845
3	305	56.559922687248	3.646415282882
3	311	57.385914133264	2.348691540475
3	316	58.766816524842	2.294582800636
3	323	59.230897556387	21.241003591082
3	329	60.846545003314	1.924481822509
3	338	61.473661430787	19.769318902294
3	343	61.533960251921	0.643958214183
3	355	65.170048804915	4.04304402178
3	360	65.735612807086	1.051122136873
3	365	65.850172446622	23.832103258165
3	378	68.333572270121	24.312877573388
3	385	71.54951785516	4.185140658153
3	392	72.681544304166	5.249160871332
3	403	74.892159379617	2.925020663533
3	411	76.742836062211	3.177525495017
3	416	77.556609238986	3.664348299033
3	421	78.586505862481	4.254254930839
3	432	81.471486335185	6.294203438277
3	440	81.620684230912	2.64368409115
3	445	81.747387946423	0.663440356678
3	454	83.7340941089	31.541397801659
3	463	84.863356190704	2.056155449243
3	468	85.702767183534	32.673294390575
3	477	87.263214931352	32.046395472041
3	482	87.934428644315	1.55253373324
3	487	88.326787539661	1.10933380657
3	492	90.278639707249	25.481820735586
3	500	91.788671250202	23.869725093351
3	505	92.082616578648	1.36418891687
3	513	93.397065467642	25.069948670575
3	523	95.136389565797	2.71740393951
3	528	95.335593275734	1.843179230147
3	534	96.432723996229	27.835549356519
3	548	99.871070501772	18.313960029043
4	7	0.611476025569	0.106096790346
4	24	2.650047837663	0.663506016686
4	36	5.847245194312	0.13800994701
4	54	9.256358353143	0.982241461704
4	58	9.429506640432	0.671088293496
4	65	9.875914836557	0.112326147994
4	90	13.464882848787	2.029814773883
4	104	15.896803993005	1.336161893426
4	113	17.2526485208	0.787696228587
4	130	19.728323048563	0.622341597125
4	143	21.148421537558	1.69437790123
4	151	21.915759809445	1.628641009111
4	158	23.000687762185	2.228332601426
4	170	25.042134749955	4.249101655471
4	175	27.68143541558	6.007023555659
4	182	30.888273825152	8.690079205828
4	189	32.002749010933	8.810662947342
4	196	33.600879064374	8.79262758123
4	205	35.987594716622	4.02498771515
4	218	40.703988059053	7.59799645721
4	227	42.3932846137	6.822712858873
4	234	43.661530566621	5.795752757063
4	241	44.078841960762	5.973591837161
4	246	46.79643484939	8.246989964037
4	262	49.545876371692	1.199733484868
4	267	49.602484593204	1.095943195032
4	297	55.935042913072	3.903788666845
4	305	56.559922687248	3.646415282882
4	311	57.385914133264	2.348691540475
4	316	58.766816524842	2.294582800636
4	329	60.846545003314	1.924481822509
4	343	61.533960251921	0.643958214183
4	355	65.170048804915	4.04304402178
4	360	65.735612807086	1.051122136873
4	385	71.54951785516	4.185140658153
4	392	72.681544304166	5.249160871332
4	403	74.892159379617	2.925020663533
4	411	76.742836062211	3.177525495017
4	416	77.556609238986	3.664348299033
4	421	78.586505862481	4.254254930839
4	432	81.471486335185	6.294203438277
4	440	81.620684230912	2.64368409115
4	445	81.747387946423	0.663440356678
4	463	84.863356190704	2.056155449243
4	482	87.934428644315	1.55253373324
4	487	88.326787539661	1.10933380657
4	505	92.082616578648	1.36418891687
4	523	95.136389565797	2.71740393951
4	528	95.335593275734	1.843179230147
5	17	1.654916754784	0.072920069745
5	41	6.19465923499	0.369444374782
5	76	11.240025766284	0.222539054775
5	85	13.383727728661	2.18953164926
5	100	14.959943720007	0.631104544114
5	125	19.612754943985	0.862765959718
5	257	48.641741890762	24.197859989611
5	273	50.567178792249	21.105604314086
5	286	53.332430667838	18.956234348502
5	323	59.230897556387	21.241003591082
5	338	61.473661430787	19.769318902294
5	365	65.850172446622	23.832103258165
5	378	68.333572270121	24.312877573388
5	454	83.7340941089	31.541397801659
5	468	85.702767183534	32.673294390575
5	477	87.263214931352	32.046395472041
5	492	90.278639707249	25.481820735586
5	500	91.788671250202	23.869725093351
5	513	93.397065467642	25.069948670575
5	534	96.432723996229	27.835549356519
5	548	99.871070501772	18.313960029043

