version 2
run First-n5-12-20191125-12:37:05-9264
attr configname First-n5
attr datetime 20191125-12:37:05
attr experiment First-n5
attr inifile omnetpp.ini
attr iterationvars ""
attr iterationvarsf ""
attr measurement ""
attr network org.omnetpp.queueing.Pizza
attr processid 9264
attr repetition 12
attr replication ""
attr resultdir results_no_transient
attr runnumber 12
attr seedset 12
param **.PS.maxInventoriedPS 5
param **.U1.interArrivalTime exponential(2s)
param **.U2.interArrivalTime exponential(4s)
param **.PS.serviceTimeForInventoryU1 exponential(0.8s)
param **.PS.serviceTimeForInventoryU2 exponential(1.0s)
param **.PS.serviceTimeDirectU1 exponential(1.2s)
param **.PS.serviceTimeDirectU2 exponential(1.4s)
param **.PS.probabilityProducing 0.5
param **.CS.serviceTimeU1 exponential(0.8s)
param **.CS.serviceTimeU2 exponential(1.0s)

vector 0 Pizza.EntryQueueU1 queueLength:vector ETV
attr interpolationmode sample-hold
attr title "queue length, vector"
vector 1 Pizza.CS queueLength:vector ETV
attr interpolationmode sample-hold
attr title "queue length, vector"
vector 2 Pizza.EntryQueueU2 queueLength:vector ETV
attr interpolationmode sample-hold
attr title "queue length, vector"
vector 3 Pizza.sink lifeTime:vector ETV
attr interpolationmode none
attr title "lifetime of arrived jobs, vector"
attr unit s
vector 4 Pizza.sink lifeTimeU1:vector ETV
attr interpolationmode none
attr title "lifetime of arrived jobs, vector"
attr unit s
vector 5 Pizza.sink lifeTimeU2:vector ETV
attr interpolationmode none
attr title "lifetime of arrived jobs, vector"
attr unit s
0	0	0	0
0	9	3.02938641821	1
0	11	3.058750860014	2
0	19	3.843532611707	1
0	25	3.92178884275	2
0	28	4.110600934278	1
0	32	6.175797446328	2
0	37	9.048434481314	1
0	43	9.94355337748	0
0	57	11.948661382188	1
0	58	11.959592592976	0
0	88	17.684311454915	1
0	90	17.943626521855	2
0	91	18.24308010364	1
0	96	18.681243912699	0
0	107	21.429670868617	1
0	108	21.704501658503	0
0	114	21.820640529291	1
0	115	21.994695623199	0
0	123	22.907511271791	1
0	124	24.109815615243	0
0	131	24.160388663359	1
0	132	24.242018559992	0
0	153	26.797814838114	1
0	154	26.967584547275	0
0	193	34.554871979606	1
0	197	36.335612243089	0
0	210	37.421978690176	1
0	211	37.481728677011	0
0	236	43.104149378773	1
0	237	43.141573020189	0
0	243	44.316943892628	1
0	244	44.698568316601	0
0	265	49.649655877352	1
0	267	50.376015588797	0
0	288	56.463696675352	1
0	291	57.315202840825	0
0	324	62.103882161224	1
0	327	63.210754575609	0
0	333	63.941266952701	1
0	336	64.447341112828	0
0	349	65.283532192682	1
0	352	65.968856321126	2
0	357	67.057737116212	1
0	362	67.383779843622	0
0	368	67.391759497995	1
0	370	67.407830581112	2
0	373	67.578924148111	3
0	374	67.684540515611	2
0	382	69.398839835067	3
0	383	69.550510064991	2
0	388	69.777967409875	1
0	394	70.466023907366	2
0	398	70.838437927562	3
0	399	71.308422171338	2
0	404	71.529847778867	1
0	410	71.600396318577	2
0	411	72.070022820086	1
0	416	73.42815515267	0
0	420	73.434066881508	1
0	425	76.009598705436	0
0	429	76.146841496191	1
0	434	77.325693102607	0
0	440	77.552550932093	1
0	442	78.260853003759	2
0	446	78.615692707184	3
0	449	82.137780781541	2
0	454	82.581293584863	1
0	460	83.24700521159	2
0	462	83.273891969739	3
0	463	84.55933651854	2
0	468	86.787443437019	1
0	475	87.253978702447	0
0	512	92.043365393978	1
0	518	92.486845031468	2
0	520	93.178517394402	1
0	526	95.064960708382	0
0	533	95.469623452467	1
0	537	96.340439567071	2
0	539	96.942156524013	3
0	540	98.609246030431	2
1	0	0	0
2	0	0	0
2	5	2.363963738832	1
2	15	3.586343385559	2
2	17	3.722314146963	3
2	27	4.066831363123	4
2	34	7.793293386774	5
2	47	10.420787444956	6
2	51	11.81432381633	5
2	64	13.078977433599	4
2	72	14.772712041715	3
2	81	16.267172693535	4
2	82	16.784319765598	3
2	101	19.090747019134	2
2	139	25.277316020044	1
2	144	25.333907526261	0
2	290	56.743524888403	1
2	296	58.180481424587	0
2	354	66.439556239373	1
2	396	70.74863438714	2
2	422	74.156538811457	3
2	431	76.759631578912	4
2	438	77.406055742433	5
2	474	87.247262380436	6
2	480	87.604258066298	5
2	490	89.879520042644	4
2	495	89.888642705062	3
2	500	90.617809457377	2
2	505	90.629699824336	1
2	514	92.103114917716	2
2	516	92.312663538291	3
3	21	3.843532611707	3.50867576754
3	30	4.110600934278	1.081214516068
3	39	9.048434481314	5.9896836213
3	45	9.94355337748	6.02176453473
3	53	11.81432381633	5.638526370002
3	60	11.959592592976	9.595628854144
3	66	13.078977433599	1.130316051411
3	74	14.772712041715	11.186368656156
3	84	16.784319765598	13.062005618635
3	93	18.24308010364	14.176248740517
3	98	18.681243912699	0.996932457784
3	103	19.090747019134	1.147120497279
3	110	21.704501658503	13.911208271729
3	117	21.994695623199	0.565024754582
3	126	24.109815615243	2.289175085952
3	134	24.242018559992	1.334507288201
3	141	25.277316020044	1.116927356685
3	146	25.333907526261	14.913120081305
3	156	26.967584547275	10.70041185374
3	161	27.913686242755	1.115871404641
3	169	29.287321615143	1.012058911649
3	177	30.882348039766	0.830178008691
3	186	33.034573178073	0.654016443
3	199	36.335612243089	2.892841071117
3	203	36.446466523	1.891594543394
3	213	37.481728677011	0.827220791939
3	219	38.308232930448	0.886254240272
3	228	41.097060485126	0.384892649205
3	239	43.141573020189	0.520805837261
3	246	44.698568316601	1.594418937828
3	250	44.701203021427	0.384259128799
3	258	46.96415707778	2.019232775435
3	269	50.376015588797	0.823850119468
3	273	50.972587165247	1.322931287895
3	280	54.689490293655	0.113153748502
3	293	57.315202840825	2.069195201248
3	298	58.180481424587	1.716784749235
3	302	58.485632824273	1.74210793587
3	310	59.128975725851	0.575735157893
3	317	59.838594071653	0.254188963388
3	329	63.210754575609	2.54028937844
3	338	64.447341112828	2.343458951604
3	342	64.581538566295	0.640271613594
3	359	67.057737116212	2.044441173643
3	364	67.383779843622	2.10024765094
3	376	67.684540515611	1.715684194485
3	385	69.550510064991	2.158750566996
3	390	69.777967409875	2.370136828763
3	401	71.308422171338	3.729498023227
3	406	71.529847778867	2.1310079438
3	413	72.070022820086	1.60399891272
3	418	73.42815515267	2.589717225108
3	427	76.009598705436	4.409202386859
3	436	77.325693102607	3.891626221099
3	451	82.137780781541	5.99093928535
3	456	82.581293584863	5.02874265277
3	465	84.55933651854	6.298483514781
3	470	86.787443437019	8.171750729835
3	477	87.253978702447	4.006973490857
3	482	87.604258066298	4.330366096559
3	492	89.879520042644	23.439963803271
3	497	89.888642705062	19.140008317922
3	502	90.617809457377	16.46127064592
3	507	90.629699824336	13.870068245424
3	522	93.178517394402	15.772461651969
3	528	95.064960708382	3.021595314404
3	542	98.609246030431	6.122400998963
4	21	3.843532611707	3.50867576754
4	30	4.110600934278	1.081214516068
4	39	9.048434481314	5.9896836213
4	45	9.94355337748	6.02176453473
4	53	11.81432381633	5.638526370002
4	66	13.078977433599	1.130316051411
4	98	18.681243912699	0.996932457784
4	103	19.090747019134	1.147120497279
4	117	21.994695623199	0.565024754582
4	126	24.109815615243	2.289175085952
4	134	24.242018559992	1.334507288201
4	141	25.277316020044	1.116927356685
4	161	27.913686242755	1.115871404641
4	177	30.882348039766	0.830178008691
4	203	36.446466523	1.891594543394
4	219	38.308232930448	0.886254240272
4	246	44.698568316601	1.594418937828
4	250	44.701203021427	0.384259128799
4	258	46.96415707778	2.019232775435
4	269	50.376015588797	0.823850119468
4	273	50.972587165247	1.322931287895
4	280	54.689490293655	0.113153748502
4	298	58.180481424587	1.716784749235
4	310	59.128975725851	0.575735157893
4	317	59.838594071653	0.254188963388
4	329	63.210754575609	2.54028937844
4	338	64.447341112828	2.343458951604
4	342	64.581538566295	0.640271613594
4	359	67.057737116212	2.044441173643
4	364	67.383779843622	2.10024765094
4	376	67.684540515611	1.715684194485
4	385	69.550510064991	2.158750566996
4	390	69.777967409875	2.370136828763
4	401	71.308422171338	3.729498023227
4	406	71.529847778867	2.1310079438
4	413	72.070022820086	1.60399891272
4	418	73.42815515267	2.589717225108
4	427	76.009598705436	4.409202386859
4	436	77.325693102607	3.891626221099
4	451	82.137780781541	5.99093928535
4	456	82.581293584863	5.02874265277
4	465	84.55933651854	6.298483514781
4	470	86.787443437019	8.171750729835
4	477	87.253978702447	4.006973490857
4	482	87.604258066298	4.330366096559
4	528	95.064960708382	3.021595314404
4	542	98.609246030431	6.122400998963
5	60	11.959592592976	9.595628854144
5	74	14.772712041715	11.186368656156
5	84	16.784319765598	13.062005618635
5	93	18.24308010364	14.176248740517
5	110	21.704501658503	13.911208271729
5	146	25.333907526261	14.913120081305
5	156	26.967584547275	10.70041185374
5	169	29.287321615143	1.012058911649
5	186	33.034573178073	0.654016443
5	199	36.335612243089	2.892841071117
5	213	37.481728677011	0.827220791939
5	228	41.097060485126	0.384892649205
5	239	43.141573020189	0.520805837261
5	293	57.315202840825	2.069195201248
5	302	58.485632824273	1.74210793587
5	492	89.879520042644	23.439963803271
5	497	89.888642705062	19.140008317922
5	502	90.617809457377	16.46127064592
5	507	90.629699824336	13.870068245424
5	522	93.178517394402	15.772461651969

