version 2
run First-n2-4-20191125-12:36:50-11068
attr configname First-n2
attr datetime 20191125-12:36:50
attr experiment First-n2
attr inifile omnetpp.ini
attr iterationvars ""
attr iterationvarsf ""
attr measurement ""
attr network org.omnetpp.queueing.Pizza
attr processid 11068
attr repetition 4
attr replication ""
attr resultdir results_no_transient
attr runnumber 4
attr seedset 4
param **.PS.maxInventoriedPS 2
param **.U1.interArrivalTime exponential(2s)
param **.U2.interArrivalTime exponential(4s)
param **.PS.serviceTimeForInventoryU1 exponential(0.8s)
param **.PS.serviceTimeForInventoryU2 exponential(1.0s)
param **.PS.serviceTimeDirectU1 exponential(1.2s)
param **.PS.serviceTimeDirectU2 exponential(1.4s)
param **.PS.probabilityProducing 0.5
param **.CS.serviceTimeU1 exponential(0.8s)
param **.CS.serviceTimeU2 exponential(1.0s)

vector 0 Pizza.EntryQueueU1 queueLength:vector ETV
attr interpolationmode sample-hold
attr title "queue length, vector"
vector 1 Pizza.CS queueLength:vector ETV
attr interpolationmode sample-hold
attr title "queue length, vector"
vector 2 Pizza.EntryQueueU2 queueLength:vector ETV
attr interpolationmode sample-hold
attr title "queue length, vector"
vector 3 Pizza.sink lifeTime:vector ETV
attr interpolationmode none
attr title "lifetime of arrived jobs, vector"
attr unit s
vector 4 Pizza.sink lifeTimeU1:vector ETV
attr interpolationmode none
attr title "lifetime of arrived jobs, vector"
attr unit s
vector 5 Pizza.sink lifeTimeU2:vector ETV
attr interpolationmode none
attr title "lifetime of arrived jobs, vector"
attr unit s
0	0	0	0
0	19	10.287334142778	1
0	22	12.291919922191	2
0	24	12.302264930676	3
0	26	12.742773069789	4
0	27	12.83773584874	3
0	34	13.196638147586	2
0	39	13.339788531714	1
0	45	14.441703780343	2
0	47	14.459757206274	3
0	48	15.273251984495	2
0	55	16.355966874524	3
0	56	16.685748432197	2
0	63	19.066136258978	1
0	68	19.539113152493	0
0	79	19.688640701207	1
0	80	19.794854280532	0
0	84	20.056419512748	1
0	88	22.700282464184	2
0	91	24.201448749945	3
0	92	24.279552458921	2
0	97	26.685528302836	1
0	103	27.030742773655	0
0	124	29.748918225532	1
0	126	30.047661935611	2
0	128	30.442062714342	3
0	129	30.728104448589	2
0	135	31.286685391996	1
0	140	31.520765673027	0
0	167	34.393869871852	1
0	171	34.796745053426	2
0	174	35.254054567799	1
0	180	38.340032677726	0
0	193	39.808181421541	1
0	194	40.66269497276	0
0	213	43.754949986812	1
0	215	43.96651659012	2
0	216	44.217654654846	1
0	221	44.918697756855	0
0	229	45.81699544526	1
0	231	45.894732999875	0
0	242	46.721009649326	1
0	247	49.351105540471	0
0	259	52.021570604689	1
0	260	52.900610958908	0
0	283	58.236836764696	1
0	286	59.671258082971	0
0	330	69.352932178283	1
0	331	70.178669182264	0
0	408	86.448251848572	1
0	409	86.975234544553	0
0	427	91.94268130425	1
0	430	93.416039082514	0
0	436	93.548277013196	1
0	441	94.567396272144	0
0	447	95.214679403386	1
0	448	95.645192848943	0
0	459	95.869555175576	1
0	461	97.20665805666	0
1	0	0	0
2	0	0	0
2	12	9.23527612256	1
2	33	12.876075456012	2
2	73	19.601437921396	1
2	108	27.190206852489	0
2	165	34.258910247628	1
2	169	34.5738121763	2
2	186	39.20201896848	3
2	187	39.340534757555	2
2	199	42.17416251574	1
2	205	42.572503828594	0
2	211	42.597844437136	1
2	227	45.490076562966	2
2	238	46.483033132674	1
2	252	50.287134025857	0
2	285	59.047752572821	1
2	291	59.913139706092	0
2	344	73.267930287083	1
2	346	74.031506082746	2
2	348	74.409371805043	3
2	349	74.663752313088	2
2	356	75.488075865146	1
2	361	75.525633980269	0
2	399	85.839230148928	1
2	401	85.864606232667	2
2	402	85.976398150322	1
2	415	87.804521552188	0
2	422	88.572029762684	1
2	423	90.405628533075	0
2	438	93.670356554184	1
2	453	95.719563315375	0
3	7	8.055499867566	1.231195229197
3	29	12.83773584874	4.428679239785
3	36	13.196638147586	2.909304004808
3	41	13.339788531714	1.047868609523
3	50	15.273251984495	2.970987053819
3	58	16.685748432197	3.942975362408
3	65	19.066136258978	4.624432478635
3	70	19.539113152493	5.079355946219
3	75	19.601437921396	3.245471046872
3	82	19.794854280532	10.559578157972
3	94	24.279552458921	4.590911757714
3	99	26.685528302836	6.629108790088
3	105	27.030742773655	4.330460309471
3	110	27.190206852489	2.988758102544
3	115	27.70352799162	14.827452535608
3	131	30.728104448589	1.458456396332
3	137	31.286685391996	1.537767166464
3	142	31.520765673027	1.473103737416
3	146	31.754020949804	1.311958235462
3	153	32.581698377042	0.418883794568
3	160	33.393928627786	0.212508315786
3	176	35.254054567799	1.129950245317
3	182	38.340032677726	3.946162805874
3	189	39.340534757555	4.543789704129
3	196	40.66269497276	6.403784725132
3	201	42.17416251574	2.365981094199
3	207	42.572503828594	7.998691652294
3	218	44.217654654846	5.015635686366
3	223	44.918697756855	1.163747770043
3	233	45.894732999875	1.928216409755
3	240	46.483033132674	0.666037687414
3	249	49.351105540471	6.753261103335
3	254	50.287134025857	3.566124376531
3	262	52.900610958908	7.410534395942
3	267	53.426001358441	1.404430753752
3	274	54.35323276827	0.132870352272
3	288	59.671258082971	2.169778526076
3	293	59.913139706092	1.676302941396
3	297	60.032498109575	0.984745536754
3	304	60.338163077253	0.171782327823
3	311	61.325502927092	0.072995950853
3	319	65.425924942512	3.225026025931
3	333	70.178669182264	1.140126384182
3	337	70.598915549903	1.24598337162
3	351	74.663752313088	2.146947824974
3	358	75.488075865146	2.220145578063
3	363	75.525633980269	1.494127897523
3	367	75.566550897596	1.157179092553
3	376	77.534576561093	0.027571810031
3	384	82.176177218117	3.101757767245
3	391	84.023576987032	0.254481641705
3	404	85.976398150322	0.805343322174
3	411	86.975234544553	1.136004395625
3	417	87.804521552188	1.356269703616
3	425	90.405628533075	4.541022300408
3	432	93.416039082514	4.84400931983
3	443	94.567396272144	2.624714967894
3	450	95.645192848943	2.096915835747
3	455	95.719563315375	0.504883911989
3	463	97.20665805666	3.536301502476
3	467	97.500519363084	1.630964187508
3	475	99.697194303525	0.737224846931
4	7	8.055499867566	1.231195229197
4	29	12.83773584874	4.428679239785
4	36	13.196638147586	2.909304004808
4	41	13.339788531714	1.047868609523
4	50	15.273251984495	2.970987053819
4	58	16.685748432197	3.942975362408
4	65	19.066136258978	4.624432478635
4	70	19.539113152493	5.079355946219
4	75	19.601437921396	3.245471046872
4	94	24.279552458921	4.590911757714
4	99	26.685528302836	6.629108790088
4	105	27.030742773655	4.330460309471
4	110	27.190206852489	2.988758102544
4	137	31.286685391996	1.537767166464
4	142	31.520765673027	1.473103737416
4	146	31.754020949804	1.311958235462
4	153	32.581698377042	0.418883794568
4	176	35.254054567799	1.129950245317
4	182	38.340032677726	3.946162805874
4	189	39.340534757555	4.543789704129
4	201	42.17416251574	2.365981094199
4	223	44.918697756855	1.163747770043
4	233	45.894732999875	1.928216409755
4	240	46.483033132674	0.666037687414
4	254	50.287134025857	3.566124376531
4	267	53.426001358441	1.404430753752
4	274	54.35323276827	0.132870352272
4	293	59.913139706092	1.676302941396
4	304	60.338163077253	0.171782327823
4	311	61.325502927092	0.072995950853
4	333	70.178669182264	1.140126384182
4	337	70.598915549903	1.24598337162
4	351	74.663752313088	2.146947824974
4	376	77.534576561093	0.027571810031
4	384	82.176177218117	3.101757767245
4	391	84.023576987032	0.254481641705
4	404	85.976398150322	0.805343322174
4	417	87.804521552188	1.356269703616
4	443	94.567396272144	2.624714967894
4	450	95.645192848943	2.096915835747
4	455	95.719563315375	0.504883911989
4	467	97.500519363084	1.630964187508
4	475	99.697194303525	0.737224846931
5	82	19.794854280532	10.559578157972
5	115	27.70352799162	14.827452535608
5	131	30.728104448589	1.458456396332
5	160	33.393928627786	0.212508315786
5	196	40.66269497276	6.403784725132
5	207	42.572503828594	7.998691652294
5	218	44.217654654846	5.015635686366
5	249	49.351105540471	6.753261103335
5	262	52.900610958908	7.410534395942
5	288	59.671258082971	2.169778526076
5	297	60.032498109575	0.984745536754
5	319	65.425924942512	3.225026025931
5	358	75.488075865146	2.220145578063
5	363	75.525633980269	1.494127897523
5	367	75.566550897596	1.157179092553
5	411	86.975234544553	1.136004395625
5	425	90.405628533075	4.541022300408
5	432	93.416039082514	4.84400931983
5	463	97.20665805666	3.536301502476

