version 2
run First-n4-17-20191125-12:37:12-11124
attr configname First-n4
attr datetime 20191125-12:37:12
attr experiment First-n4
attr inifile omnetpp.ini
attr iterationvars ""
attr iterationvarsf ""
attr measurement ""
attr network org.omnetpp.queueing.Pizza
attr processid 11124
attr repetition 17
attr replication ""
attr resultdir results_no_transient
attr runnumber 17
attr seedset 17
param **.PS.maxInventoriedPS 4
param **.U1.interArrivalTime exponential(2s)
param **.U2.interArrivalTime exponential(4s)
param **.PS.serviceTimeForInventoryU1 exponential(0.8s)
param **.PS.serviceTimeForInventoryU2 exponential(1.0s)
param **.PS.serviceTimeDirectU1 exponential(1.2s)
param **.PS.serviceTimeDirectU2 exponential(1.4s)
param **.PS.probabilityProducing 0.5
param **.CS.serviceTimeU1 exponential(0.8s)
param **.CS.serviceTimeU2 exponential(1.0s)

vector 0 Pizza.EntryQueueU1 queueLength:vector ETV
attr interpolationmode sample-hold
attr title "queue length, vector"
vector 1 Pizza.CS queueLength:vector ETV
attr interpolationmode sample-hold
attr title "queue length, vector"
vector 2 Pizza.EntryQueueU2 queueLength:vector ETV
attr interpolationmode sample-hold
attr title "queue length, vector"
vector 3 Pizza.sink lifeTime:vector ETV
attr interpolationmode none
attr title "lifetime of arrived jobs, vector"
attr unit s
vector 4 Pizza.sink lifeTimeU1:vector ETV
attr interpolationmode none
attr title "lifetime of arrived jobs, vector"
attr unit s
0	0	0	0
0	9	2.210708385975	1
0	11	2.351339497469	2
0	15	3.783911004085	1
0	20	4.113174257508	0
0	24	5.639619000026	1
0	28	6.525372369066	2
0	30	6.649218235706	3
0	31	7.557453343831	2
0	35	8.339100524735	3
0	37	8.408931952725	4
0	45	10.486816781568	3
0	50	10.487716406509	2
0	55	11.506832856323	1
0	60	12.426484587904	0
0	64	12.6048033868	1
0	69	13.207894492492	0
0	75	13.641847394101	1
0	77	14.333366461357	2
0	78	14.412460377242	1
0	84	14.721788891965	2
0	85	15.941082177906	1
0	89	16.400407166182	2
0	91	16.572263280856	3
0	93	16.703237690652	4
0	99	17.70611722291	3
0	108	18.278147140856	4
0	110	19.072212623543	5
0	112	19.213011912291	6
0	114	20.356082539447	5
0	120	20.444915079339	6
0	122	20.547624112449	7
0	123	21.217262794438	6
0	127	23.084832220237	7
0	130	23.543283078139	6
0	136	25.763217031242	5
0	142	25.806684134677	6
0	144	26.332963939835	7
0	146	26.392144958393	8
0	149	27.177517500925	7
0	154	28.173868863004	6
0	161	28.787253117397	5
0	165	29.914908038725	6
0	167	29.936414536791	7
0	169	30.072334899581	8
0	171	31.003306652909	9
0	173	32.734901520396	10
0	176	34.337479355393	9
0	180	35.775782594038	10
0	182	35.89829939999	11
0	184	36.338206130319	12
0	186	36.849598973433	13
0	188	37.023604408274	14
0	191	38.185188322026	13
0	200	41.213376397766	12
0	205	41.61287599717	11
0	210	41.82862517523	10
0	214	43.330845219869	11
0	218	44.074479936818	12
0	219	44.384496170636	11
0	225	44.705417963609	12
0	228	45.386916239639	11
0	235	48.033607557757	10
0	241	48.616677762794	11
0	242	48.755586196549	10
0	250	49.14114720726	11
0	251	49.232085337961	10
0	255	49.273699839787	11
0	257	50.483011000368	12
0	259	51.059360654058	13
0	261	52.396961934395	14
0	263	52.741805810688	15
0	266	54.054987662626	14
0	272	54.7899743968	15
0	275	55.001033663902	14
0	280	56.545897046286	13
0	285	56.930366743257	12
0	292	59.143990350514	11
0	297	60.487868742998	10
0	301	61.245091029964	11
0	306	62.092668117347	10
0	311	62.809809384856	9
0	317	63.536315738189	10
0	318	64.007366531039	9
0	323	66.369303461731	8
0	328	66.917165113856	7
0	332	67.28496589657	8
0	335	68.362602051417	7
0	341	68.756906082871	8
0	342	68.975733050095	7
0	350	70.11579838903	8
0	352	70.815225976947	7
0	362	73.171570672059	8
0	363	73.333848433275	7
0	367	75.335745825423	8
0	369	75.693358853168	9
0	373	76.873621249338	10
0	375	76.975986656919	11
0	382	79.813774524796	10
0	392	82.788645700614	9
0	399	83.776192030065	10
0	400	85.024660715804	9
0	405	85.10094600225	8
0	410	86.979229082069	7
0	415	88.275414890652	6
0	419	88.717203855523	7
0	424	92.151767665509	6
0	429	93.111192308934	5
0	434	93.554235124561	4
0	438	94.996873900726	5
0	440	95.532690077594	6
0	442	96.458055212817	7
0	445	97.145023614669	6
0	450	97.708235972281	5
0	454	98.293174954808	6
0	458	98.776087916507	7
0	460	99.540694794668	8
0	461	99.676767807098	7
1	0	0	0
2	0	0	0
2	5	0.802485226615	1
2	7	1.652886462415	2
2	44	10.440918691762	3
2	68	13.083860316862	4
2	98	17.459954417937	5
2	105	17.964349666745	6
2	148	26.72074790264	7
2	160	28.700389633327	8
2	197	38.941239295838	9
2	227	44.788595742235	10
2	234	47.471743984232	11
2	246	49.081411496421	12
2	274	54.813890989857	13
2	289	58.173647699677	14
2	305	62.067263291043	15
2	346	69.007721012327	16
2	358	71.816291245974	17
2	360	72.373408537097	18
2	371	76.69629713887	19
2	377	78.174404508853	20
2	379	78.698281532874	21
2	388	81.336006955679	22
2	390	81.486686256026	23
3	17	3.783911004085	3.085746166951
3	22	4.113174257508	1.902465871533
3	33	7.557453343831	5.206113846362
3	47	10.486816781568	4.847197781542
3	52	10.487716406509	3.962344037443
3	57	11.506832856323	4.857614620617
3	62	12.426484587904	4.087384063169
3	71	13.207894492492	4.798962539767
3	80	14.412460377242	1.807656990442
3	87	15.941082177906	2.299234783805
3	101	17.70611722291	3.372750761553
3	116	20.356082539447	5.634293647482
3	125	21.217262794438	4.816855628256
3	132	23.543283078139	6.971019797283
3	138	25.763217031242	9.05997934059
3	151	27.177517500925	8.899370360069
3	156	28.173868863004	9.101656239461
3	163	28.787253117397	9.574241205106
3	178	34.337479355393	13.892564276054
3	193	38.185188322026	17.637564209577
3	202	41.213376397766	18.128544177529
3	207	41.61287599717	15.806191862493
3	212	41.82862517523	15.495661235395
3	221	44.384496170636	17.992351212243
3	230	45.386916239639	15.472008200914
3	237	48.033607557757	18.097193020966
3	244	48.755586196549	18.683251296968
3	253	49.232085337961	18.228778685052
3	268	54.054987662626	21.32008614223
3	277	55.001033663902	19.225251069864
3	282	56.545897046286	20.647597646296
3	287	56.930366743257	20.592160612938
3	294	59.143990350514	22.294391377081
3	299	60.487868742998	23.464264334724
3	308	62.092668117347	18.761822897478
3	313	62.809809384856	18.735329448038
3	320	64.007366531039	19.30194856743
3	325	66.369303461731	17.752625698937
3	330	66.917165113856	17.776017906596
3	337	68.362602051417	19.08890221163
3	344	68.975733050095	18.492722049727
3	354	70.815225976947	19.755865322889
3	365	73.333848433275	20.93688649888
3	384	79.813774524796	27.071968714108
3	394	82.788645700614	27.998671303814
3	402	85.024660715804	23.77956968584
3	407	85.10094600225	21.564630264061
3	412	86.979229082069	19.694263185499
3	417	88.275414890652	19.518508807781
3	426	92.151767665509	22.035969276479
3	431	93.111192308934	19.939621636875
3	436	93.554235124561	18.218489299138
3	447	97.145023614669	21.451664761501
3	452	97.708235972281	20.834614722943
3	463	99.676767807098	22.700781150179
4	17	3.783911004085	3.085746166951
4	22	4.113174257508	1.902465871533
4	33	7.557453343831	5.206113846362
4	47	10.486816781568	4.847197781542
4	52	10.487716406509	3.962344037443
4	57	11.506832856323	4.857614620617
4	62	12.426484587904	4.087384063169
4	71	13.207894492492	4.798962539767
4	80	14.412460377242	1.807656990442
4	87	15.941082177906	2.299234783805
4	101	17.70611722291	3.372750761553
4	116	20.356082539447	5.634293647482
4	125	21.217262794438	4.816855628256
4	132	23.543283078139	6.971019797283
4	138	25.763217031242	9.05997934059
4	151	27.177517500925	8.899370360069
4	156	28.173868863004	9.101656239461
4	163	28.787253117397	9.574241205106
4	178	34.337479355393	13.892564276054
4	193	38.185188322026	17.637564209577
4	202	41.213376397766	18.128544177529
4	207	41.61287599717	15.806191862493
4	212	41.82862517523	15.495661235395
4	221	44.384496170636	17.992351212243
4	230	45.386916239639	15.472008200914
4	237	48.033607557757	18.097193020966
4	244	48.755586196549	18.683251296968
4	253	49.232085337961	18.228778685052
4	268	54.054987662626	21.32008614223
4	277	55.001033663902	19.225251069864
4	282	56.545897046286	20.647597646296
4	287	56.930366743257	20.592160612938
4	294	59.143990350514	22.294391377081
4	299	60.487868742998	23.464264334724
4	308	62.092668117347	18.761822897478
4	313	62.809809384856	18.735329448038
4	320	64.007366531039	19.30194856743
4	325	66.369303461731	17.752625698937
4	330	66.917165113856	17.776017906596
4	337	68.362602051417	19.08890221163
4	344	68.975733050095	18.492722049727
4	354	70.815225976947	19.755865322889
4	365	73.333848433275	20.93688649888
4	384	79.813774524796	27.071968714108
4	394	82.788645700614	27.998671303814
4	402	85.024660715804	23.77956968584
4	407	85.10094600225	21.564630264061
4	412	86.979229082069	19.694263185499
4	417	88.275414890652	19.518508807781
4	426	92.151767665509	22.035969276479
4	431	93.111192308934	19.939621636875
4	436	93.554235124561	18.218489299138
4	447	97.145023614669	21.451664761501
4	452	97.708235972281	20.834614722943
4	463	99.676767807098	22.700781150179

