version 2
run First-n4-0-20191125-12:36:48-10872
attr configname First-n4
attr datetime 20191125-12:36:48
attr experiment First-n4
attr inifile omnetpp.ini
attr iterationvars ""
attr iterationvarsf ""
attr measurement ""
attr network org.omnetpp.queueing.Pizza
attr processid 10872
attr repetition 0
attr replication ""
attr resultdir results_no_transient
attr runnumber 0
attr seedset 0
param **.PS.maxInventoriedPS 4
param **.U1.interArrivalTime exponential(2s)
param **.U2.interArrivalTime exponential(4s)
param **.PS.serviceTimeForInventoryU1 exponential(0.8s)
param **.PS.serviceTimeForInventoryU2 exponential(1.0s)
param **.PS.serviceTimeDirectU1 exponential(1.2s)
param **.PS.serviceTimeDirectU2 exponential(1.4s)
param **.PS.probabilityProducing 0.5
param **.CS.serviceTimeU1 exponential(0.8s)
param **.CS.serviceTimeU2 exponential(1.0s)

vector 0 Pizza.EntryQueueU1 queueLength:vector ETV
attr interpolationmode sample-hold
attr title "queue length, vector"
vector 1 Pizza.CS queueLength:vector ETV
attr interpolationmode sample-hold
attr title "queue length, vector"
vector 2 Pizza.EntryQueueU2 queueLength:vector ETV
attr interpolationmode sample-hold
attr title "queue length, vector"
vector 3 Pizza.sink lifeTime:vector ETV
attr interpolationmode none
attr title "lifetime of arrived jobs, vector"
attr unit s
vector 4 Pizza.sink lifeTimeU1:vector ETV
attr interpolationmode none
attr title "lifetime of arrived jobs, vector"
attr unit s
vector 5 Pizza.sink lifeTimeU2:vector ETV
attr interpolationmode none
attr title "lifetime of arrived jobs, vector"
attr unit s
0	0	0	0
0	9	4.103610525227	1
0	12	5.205707498568	2
0	13	5.326445306984	1
0	18	6.063776078518	0
0	22	6.175963826011	1
0	24	6.812676107695	2
0	28	7.779880317592	3
0	34	10.713217096752	2
0	38	10.917672552838	3
0	40	11.065043263768	4
0	42	11.888199256253	5
0	44	12.070521308502	6
0	49	14.159746325118	7
0	50	14.313250344633	6
0	56	14.462208032448	7
0	58	15.745626377804	8
0	63	17.389427839946	7
0	69	18.956105491927	8
0	72	19.569700069477	7
0	80	20.700747882011	8
0	82	20.924640203276	9
0	83	21.084963493043	8
0	89	21.995771643732	9
0	92	23.045600996081	8
0	98	23.359017644622	7
0	103	23.560171190282	6
0	108	23.951016829728	5
0	112	24.66635201298	6
0	115	27.882711716716	5
0	120	28.87695983617	4
0	124	29.324178761408	5
0	130	31.716394360322	6
0	133	33.834062623297	7
0	135	34.208914755333	8
0	136	34.468752057767	7
0	143	34.681328167498	8
0	145	35.5799862096	7
0	151	35.585532287947	8
0	155	36.384683013733	7
0	162	36.572124228753	6
0	167	37.419118400828	5
0	173	38.967770689972	4
0	178	39.106272654889	3
0	183	40.455731888516	2
0	190	41.088703377771	1
0	198	44.494525980299	2
0	202	45.453412795318	1
0	207	45.534240615565	0
0	213	47.935189295732	1
0	219	52.145831897316	2
0	221	52.186212153608	3
0	224	52.266164751725	4
0	226	52.832088489981	3
0	232	53.356605517472	2
0	237	53.662766276561	1
0	242	54.090673777167	0
0	273	60.049304997416	1
0	274	60.41980834017	0
0	305	63.73186994039	1
0	308	64.740557553566	2
0	309	65.950029166376	1
0	316	66.438999176695	2
0	321	67.624247231599	3
0	322	67.727234685155	2
0	327	67.826056003045	1
0	333	69.170793766682	0
0	358	75.310260398086	1
0	361	76.314881994608	2
0	363	77.364232094245	1
0	368	77.651373866941	0
0	374	78.179687755421	1
0	375	78.514830025866	0
0	383	78.859017220586	1
0	385	79.284730070483	0
0	397	79.978939360734	1
0	399	80.370661362038	0
0	412	81.68709883202	1
0	414	82.832021934877	2
0	415	82.948999428449	1
0	423	84.26171749079	0
0	467	91.107641455898	1
0	468	93.419595354217	0
0	474	93.498518588462	1
0	477	93.855481056733	0
0	490	96.059186996087	1
0	493	96.823449530256	0
0	510	98.831769700129	1
0	511	99.265510908383	0
0	517	99.679083902842	1
1	0	0	0
2	0	0	0
2	5	3.594241553936	1
2	26	7.287134079819	2
2	30	9.884919472822	3
2	61	16.573764274122	4
2	71	19.513621958881	5
2	76	20.132540680881	6
2	128	31.710222592829	7
2	154	36.105872463033	8
2	161	36.536412895657	9
2	187	40.568489877338	10
2	194	41.163338954346	11
2	196	43.003394785307	12
2	211	47.34847230882	13
2	247	54.143711698353	12
2	252	54.976555214419	11
2	257	55.284970054517	10
2	263	57.770552411494	9
2	279	60.581688691024	8
2	285	61.386486090825	7
2	290	61.391192631317	6
2	295	62.234275663465	5
2	299	62.344598147158	6
2	318	67.210632760904	7
2	339	69.596150338222	8
2	341	70.745792242502	9
2	342	70.874393283536	8
2	350	74.227935547808	9
2	351	74.238763736587	8
2	381	78.539275084354	9
2	391	79.568109376279	8
2	404	80.680365435757	7
2	422	84.071191910501	8
2	430	86.277143194857	7
2	435	86.439013281569	6
2	441	86.447485903796	7
2	442	86.477296194454	6
2	447	86.659834796337	5
2	453	87.156788204377	6
2	455	88.846878485324	5
2	461	89.369748515412	4
2	476	93.743664609684	5
2	483	93.951314818416	6
2	485	94.018385882385	7
2	498	97.001960896737	6
2	504	97.18947984794	5
3	15	5.326445306984	3.734696297852
3	20	6.063776078518	1.960165553291
3	36	10.713217096752	5.507509598184
3	52	14.313250344633	8.137286518622
3	65	17.389427839946	10.576751732251
3	74	19.569700069477	11.789819751885
3	85	21.084963493043	10.167290940205
3	94	23.045600996081	11.980557732313
3	100	23.359017644622	11.470818388369
3	105	23.560171190282	11.48964988178
3	110	23.951016829728	9.79127050461
3	117	27.882711716716	13.420503684268
3	122	28.87695983617	13.131333458366
3	138	34.468752057767	15.51264656584
3	147	35.5799862096	14.879238327589
3	157	36.384683013733	15.460042810457
3	164	36.572124228753	14.576352585021
3	169	37.419118400828	12.752766387848
3	175	38.967770689972	9.643591928564
3	180	39.106272654889	7.389878294567
3	185	40.455731888516	6.621669265219
3	192	41.088703377771	6.879788622438
3	204	45.453412795318	10.77208462782
3	209	45.534240615565	9.948708327618
3	228	52.832088489981	8.337562509682
3	234	53.356605517472	5.42141622174
3	239	53.662766276561	1.516934379245
3	244	54.090673777167	1.904461623559
3	249	54.143711698353	1.877546946628
3	254	54.976555214419	51.382313660483
3	259	55.284970054517	47.997835974698
3	265	57.770552411494	47.885632938672
3	276	60.41980834017	43.846044066048
3	281	60.581688691024	0.532383693608
3	287	61.386486090825	41.872864131944
3	292	61.391192631317	41.258651950436
3	297	62.234275663465	30.524053070636
3	311	65.950029166376	29.844156703343
3	324	67.727234685155	3.995364744765
3	329	67.826056003045	3.085498449479
3	335	69.170793766682	2.731794589987
3	344	70.874393283536	3.250146051937
3	353	74.238763736587	37.70235084093
3	365	77.364232094245	36.795742216907
3	370	77.651373866941	2.341113468855
3	377	78.514830025866	2.199948031258
3	387	79.284730070483	1.105042315062
3	393	79.568109376279	0.709092155693
3	401	80.370661362038	39.207322407692
3	406	80.680365435757	0.701426075023
3	417	82.948999428449	39.945604643142
3	425	84.26171749079	2.57461865877
3	432	86.277143194857	3.44512125998
3	437	86.439013281569	39.090540972749
3	444	86.477296194454	24.132698047296
3	449	86.659834796337	19.449202035433
3	457	88.846878485324	19.250728147102
3	463	89.369748515412	18.62395627291
3	470	93.419595354217	19.191659806409
3	479	93.855481056733	2.747839600835
3	495	96.823449530256	3.324930941794
3	500	97.001960896737	0.94277390065
3	506	97.18947984794	18.650204763586
3	513	99.265510908383	15.194318997882
4	15	5.326445306984	3.734696297852
4	20	6.063776078518	1.960165553291
4	36	10.713217096752	5.507509598184
4	52	14.313250344633	8.137286518622
4	65	17.389427839946	10.576751732251
4	74	19.569700069477	11.789819751885
4	85	21.084963493043	10.167290940205
4	94	23.045600996081	11.980557732313
4	100	23.359017644622	11.470818388369
4	105	23.560171190282	11.48964988178
4	110	23.951016829728	9.79127050461
4	117	27.882711716716	13.420503684268
4	122	28.87695983617	13.131333458366
4	138	34.468752057767	15.51264656584
4	147	35.5799862096	14.879238327589
4	157	36.384683013733	15.460042810457
4	164	36.572124228753	14.576352585021
4	169	37.419118400828	12.752766387848
4	175	38.967770689972	9.643591928564
4	180	39.106272654889	7.389878294567
4	185	40.455731888516	6.621669265219
4	192	41.088703377771	6.879788622438
4	204	45.453412795318	10.77208462782
4	209	45.534240615565	9.948708327618
4	228	52.832088489981	8.337562509682
4	234	53.356605517472	5.42141622174
4	239	53.662766276561	1.516934379245
4	244	54.090673777167	1.904461623559
4	249	54.143711698353	1.877546946628
4	281	60.581688691024	0.532383693608
4	324	67.727234685155	3.995364744765
4	329	67.826056003045	3.085498449479
4	335	69.170793766682	2.731794589987
4	344	70.874393283536	3.250146051937
4	370	77.651373866941	2.341113468855
4	377	78.514830025866	2.199948031258
4	387	79.284730070483	1.105042315062
4	393	79.568109376279	0.709092155693
4	406	80.680365435757	0.701426075023
4	425	84.26171749079	2.57461865877
4	432	86.277143194857	3.44512125998
4	479	93.855481056733	2.747839600835
4	495	96.823449530256	3.324930941794
4	500	97.001960896737	0.94277390065
5	254	54.976555214419	51.382313660483
5	259	55.284970054517	47.997835974698
5	265	57.770552411494	47.885632938672
5	276	60.41980834017	43.846044066048
5	287	61.386486090825	41.872864131944
5	292	61.391192631317	41.258651950436
5	297	62.234275663465	30.524053070636
5	311	65.950029166376	29.844156703343
5	353	74.238763736587	37.70235084093
5	365	77.364232094245	36.795742216907
5	401	80.370661362038	39.207322407692
5	417	82.948999428449	39.945604643142
5	437	86.439013281569	39.090540972749
5	444	86.477296194454	24.132698047296
5	449	86.659834796337	19.449202035433
5	457	88.846878485324	19.250728147102
5	463	89.369748515412	18.62395627291
5	470	93.419595354217	19.191659806409
5	506	97.18947984794	18.650204763586
5	513	99.265510908383	15.194318997882

