version 2
run First-n2-8-20191125-12:36:57-3116
attr configname First-n2
attr datetime 20191125-12:36:57
attr experiment First-n2
attr inifile omnetpp.ini
attr iterationvars ""
attr iterationvarsf ""
attr measurement ""
attr network org.omnetpp.queueing.Pizza
attr processid 3116
attr repetition 8
attr replication ""
attr resultdir results_no_transient
attr runnumber 8
attr seedset 8
param **.PS.maxInventoriedPS 2
param **.U1.interArrivalTime exponential(2s)
param **.U2.interArrivalTime exponential(4s)
param **.PS.serviceTimeForInventoryU1 exponential(0.8s)
param **.PS.serviceTimeForInventoryU2 exponential(1.0s)
param **.PS.serviceTimeDirectU1 exponential(1.2s)
param **.PS.serviceTimeDirectU2 exponential(1.4s)
param **.PS.probabilityProducing 0.5
param **.CS.serviceTimeU1 exponential(0.8s)
param **.CS.serviceTimeU2 exponential(1.0s)

vector 0 Pizza.EntryQueueU1 queueLength:vector ETV
attr interpolationmode sample-hold
attr title "queue length, vector"
vector 1 Pizza.CS queueLength:vector ETV
attr interpolationmode sample-hold
attr title "queue length, vector"
vector 2 Pizza.EntryQueueU2 queueLength:vector ETV
attr interpolationmode sample-hold
attr title "queue length, vector"
vector 3 Pizza.sink lifeTime:vector ETV
attr interpolationmode none
attr title "lifetime of arrived jobs, vector"
attr unit s
vector 4 Pizza.sink lifeTimeU2:vector ETV
attr interpolationmode none
attr title "lifetime of arrived jobs, vector"
attr unit s
vector 5 Pizza.sink lifeTimeU1:vector ETV
attr interpolationmode none
attr title "lifetime of arrived jobs, vector"
attr unit s
0	0	0	0
0	24	6.287872198119	1
0	25	6.667932790782	0
0	39	12.537732087186	1
0	40	12.871305160211	0
0	62	14.607375094674	1
0	64	14.880975896072	2
0	65	15.374122335101	1
0	70	15.432990349401	0
0	74	15.596092340992	1
0	76	16.105283229077	2
0	80	17.619544445528	3
0	81	17.941069799541	2
0	86	18.553480424085	1
0	91	18.845129344539	0
0	95	19.061106550962	1
0	100	20.750651429236	2
0	104	21.067674515452	3
0	105	21.6555672594	2
0	110	21.708269675775	1
0	117	22.230300597742	0
0	123	23.25660581949	1
0	127	23.553633220197	2
0	129	23.618696465875	3
0	131	23.685683988718	4
0	132	24.414969254043	3
0	136	24.901267014231	4
0	143	27.948897004697	3
0	147	28.024206440934	4
0	149	28.103585666757	5
0	152	28.479037040601	4
0	156	28.502469524427	5
0	161	30.475121653637	6
0	162	30.733796159365	5
0	167	30.81842846513	4
0	173	32.011485206282	5
0	174	32.154673615469	4
0	179	33.891000548908	3
0	184	35.179080853692	2
0	189	36.678358010924	1
0	195	37.626708231273	2
0	196	38.045051281281	1
0	201	38.076750872854	0
0	207	38.78738832953	1
0	209	39.19869237769	2
0	211	39.984620623918	1
0	217	41.079883637874	0
0	249	44.918654742354	1
0	252	45.867323089667	0
0	259	46.210434051632	1
0	260	46.615857148124	0
0	287	52.198484638228	1
0	291	53.260016127217	2
0	292	53.48697807673	1
0	298	53.731907976838	2
0	299	54.294137027659	1
0	304	54.388196984007	0
0	310	54.81113361705	1
0	313	57.623441534734	0
0	354	66.999922037252	1
0	359	67.832416659582	0
0	365	68.277062448778	1
0	368	68.645004736277	0
0	388	71.863171139732	1
0	390	72.300833380577	2
0	392	72.367669430948	3
0	394	73.604644971107	4
0	395	73.91303233503	3
0	401	74.721954143616	4
0	402	74.931677802992	3
0	407	75.380780770128	2
0	417	76.016417677477	3
0	418	76.346930073716	2
0	424	76.390053879319	3
0	426	76.631188183666	2
0	432	77.665444130956	3
0	433	77.969423184699	2
0	438	78.220115258033	1
0	442	78.919041110854	2
0	446	80.029902849915	3
0	449	80.289918131611	2
0	460	82.395554396295	3
0	461	83.139960828673	2
0	468	84.79194040525	1
0	472	84.856889250824	2
0	478	86.374721126898	3
0	479	86.929128481379	2
0	484	88.161637857295	1
0	490	89.490488156396	0
0	511	91.72827299909	1
0	515	94.243940819166	0
0	535	98.763923967044	1
0	541	99.941074359136	0
1	0	0	0
2	0	0	0
2	116	22.192823833243	1
2	121	22.477476718023	2
2	138	26.179251446548	3
2	140	27.206108514197	4
2	222	41.37256674284	3
2	228	42.05689899002	2
2	235	43.583115820962	1
2	240	43.855452862721	0
2	251	45.101455722856	1
2	265	47.216010241619	0
2	289	53.199544695032	1
2	308	54.6183961942	2
2	318	58.323135663139	1
2	323	58.592499040932	0
2	357	67.590623753465	1
2	373	69.191912903748	0
2	414	75.830939050644	1
2	444	79.085653865236	2
2	453	80.921730410742	3
2	458	82.004196807722	4
2	467	83.323165290403	5
2	474	85.523228487552	6
2	495	89.513203921952	5
2	502	91.167482033712	4
2	507	91.692652301627	3
2	520	94.573796144021	2
2	526	95.064771115816	1
2	531	96.851753645983	0
2	540	99.732137414577	1
3	10	1.184731110871	1.140024451117
3	17	4.545711907634	0.411801806332
3	27	6.667932790782	1.408139202723
3	32	8.607774747637	2.319902549518
3	42	12.871305160211	1.364168861757
3	46	13.170069107731	0.632337020545
3	55	14.127870175592	0.246925438349
3	67	15.374122335101	0.902894667791
3	72	15.432990349401	0.825615254727
3	83	17.941069799541	3.060093903469
3	88	18.553480424085	2.957388083093
3	93	18.845129344539	2.739846115462
3	107	21.6555672594	4.036022813872
3	112	21.708269675775	2.647163124813
3	119	22.230300597742	1.479649168506
3	134	24.414969254043	3.347294738591
3	145	27.948897004697	4.692291185207
3	154	28.479037040601	4.925403820404
3	164	30.733796159365	7.11509969349
3	169	30.81842846513	7.132744476412
3	176	32.154673615469	7.253406601238
3	181	33.891000548908	5.866794107974
3	186	35.179080853692	7.075495186935
3	191	36.678358010924	8.175888486497
3	198	38.045051281281	7.569929627644
3	203	38.076750872854	6.065265666572
3	213	39.984620623918	2.357912392645
3	219	41.079883637874	2.292495308344
3	224	41.37256674284	2.17387436515
3	230	42.05689899002	19.864075156777
3	237	43.583115820962	21.105639102939
3	242	43.855452862721	17.676201416173
3	254	45.867323089667	18.66121457547
3	262	46.615857148124	1.69720240577
3	267	47.216010241619	1.005576189987
3	271	47.524340045046	2.42288432219
3	279	50.194038331445	0.565799482564
3	294	53.48697807673	1.643234316367
3	301	54.294137027659	2.095652389431
3	306	54.388196984007	1.12818085679
3	315	57.623441534734	3.891533557896
3	320	58.323135663139	3.512002046089
3	325	58.592499040932	5.3929543459
3	331	63.958567757694	9.340171563494
3	338	64.883959721133	0.177660515044
3	346	65.272028026715	0.163669208169
3	361	67.832416659582	1.322279198971
3	370	68.645004736277	1.645082699025
3	375	69.191912903748	0.91485045497
3	379	69.366621940194	1.775998186729
3	397	73.91303233503	2.144779481872
3	404	74.931677802992	3.06850666326
3	409	75.380780770128	3.079947389551
3	420	76.346930073716	3.979260642768
3	428	76.631188183666	3.026543212559
3	435	77.969423184699	3.247469041083
3	440	78.220115258033	2.203697580556
3	451	80.289918131611	3.899864252292
3	463	83.139960828673	5.474516697717
3	470	84.79194040525	5.872899294396
3	481	86.929128481379	6.899225631464
3	486	88.161637857295	5.766083461
3	492	89.490488156396	4.633598905572
3	497	89.513203921952	3.138482795054
3	504	91.167482033712	15.336542983068
3	509	91.692652301627	12.606998436391
3	517	94.243940819166	13.322210408424
3	522	94.573796144021	2.845523144931
3	528	95.064771115816	13.060574308094
3	533	96.851753645983	13.52858835558
3	543	99.941074359136	14.417845871584
4	10	1.184731110871	1.140024451117
4	55	14.127870175592	0.246925438349
4	230	42.05689899002	19.864075156777
4	237	43.583115820962	21.105639102939
4	242	43.855452862721	17.676201416173
4	254	45.867323089667	18.66121457547
4	271	47.524340045046	2.42288432219
4	294	53.48697807673	1.643234316367
4	325	58.592499040932	5.3929543459
4	331	63.958567757694	9.340171563494
4	338	64.883959721133	0.177660515044
4	346	65.272028026715	0.163669208169
4	379	69.366621940194	1.775998186729
4	397	73.91303233503	2.144779481872
4	504	91.167482033712	15.336542983068
4	509	91.692652301627	12.606998436391
4	517	94.243940819166	13.322210408424
4	528	95.064771115816	13.060574308094
4	533	96.851753645983	13.52858835558
4	543	99.941074359136	14.417845871584
5	17	4.545711907634	0.411801806332
5	27	6.667932790782	1.408139202723
5	32	8.607774747637	2.319902549518
5	42	12.871305160211	1.364168861757
5	46	13.170069107731	0.632337020545
5	67	15.374122335101	0.902894667791
5	72	15.432990349401	0.825615254727
5	83	17.941069799541	3.060093903469
5	88	18.553480424085	2.957388083093
5	93	18.845129344539	2.739846115462
5	107	21.6555672594	4.036022813872
5	112	21.708269675775	2.647163124813
5	119	22.230300597742	1.479649168506
5	134	24.414969254043	3.347294738591
5	145	27.948897004697	4.692291185207
5	154	28.479037040601	4.925403820404
5	164	30.733796159365	7.11509969349
5	169	30.81842846513	7.132744476412
5	176	32.154673615469	7.253406601238
5	181	33.891000548908	5.866794107974
5	186	35.179080853692	7.075495186935
5	191	36.678358010924	8.175888486497
5	198	38.045051281281	7.569929627644
5	203	38.076750872854	6.065265666572
5	213	39.984620623918	2.357912392645
5	219	41.079883637874	2.292495308344
5	224	41.37256674284	2.17387436515
5	262	46.615857148124	1.69720240577
5	267	47.216010241619	1.005576189987
5	279	50.194038331445	0.565799482564
5	301	54.294137027659	2.095652389431
5	306	54.388196984007	1.12818085679
5	315	57.623441534734	3.891533557896
5	320	58.323135663139	3.512002046089
5	361	67.832416659582	1.322279198971
5	370	68.645004736277	1.645082699025
5	375	69.191912903748	0.91485045497
5	404	74.931677802992	3.06850666326
5	409	75.380780770128	3.079947389551
5	420	76.346930073716	3.979260642768
5	428	76.631188183666	3.026543212559
5	435	77.969423184699	3.247469041083
5	440	78.220115258033	2.203697580556
5	451	80.289918131611	3.899864252292
5	463	83.139960828673	5.474516697717
5	470	84.79194040525	5.872899294396
5	481	86.929128481379	6.899225631464
5	486	88.161637857295	5.766083461
5	492	89.490488156396	4.633598905572
5	497	89.513203921952	3.138482795054
5	522	94.573796144021	2.845523144931

