version 2
run First-n5-10-20191125-12:37:03-404
attr configname First-n5
attr datetime 20191125-12:37:03
attr experiment First-n5
attr inifile omnetpp.ini
attr iterationvars ""
attr iterationvarsf ""
attr measurement ""
attr network org.omnetpp.queueing.Pizza
attr processid 404
attr repetition 10
attr replication ""
attr resultdir results_no_transient
attr runnumber 10
attr seedset 10
param **.PS.maxInventoriedPS 5
param **.U1.interArrivalTime exponential(2s)
param **.U2.interArrivalTime exponential(4s)
param **.PS.serviceTimeForInventoryU1 exponential(0.8s)
param **.PS.serviceTimeForInventoryU2 exponential(1.0s)
param **.PS.serviceTimeDirectU1 exponential(1.2s)
param **.PS.serviceTimeDirectU2 exponential(1.4s)
param **.PS.probabilityProducing 0.5
param **.CS.serviceTimeU1 exponential(0.8s)
param **.CS.serviceTimeU2 exponential(1.0s)

vector 0 Pizza.EntryQueueU1 queueLength:vector ETV
attr interpolationmode sample-hold
attr title "queue length, vector"
vector 1 Pizza.CS queueLength:vector ETV
attr interpolationmode sample-hold
attr title "queue length, vector"
vector 2 Pizza.EntryQueueU2 queueLength:vector ETV
attr interpolationmode sample-hold
attr title "queue length, vector"
vector 3 Pizza.sink lifeTime:vector ETV
attr interpolationmode none
attr title "lifetime of arrived jobs, vector"
attr unit s
vector 4 Pizza.sink lifeTimeU2:vector ETV
attr interpolationmode none
attr title "lifetime of arrived jobs, vector"
attr unit s
vector 5 Pizza.sink lifeTimeU1:vector ETV
attr interpolationmode none
attr title "lifetime of arrived jobs, vector"
attr unit s
0	0	0	0
0	9	2.950868889951	1
0	13	4.158229986914	0
0	20	4.331200204502	1
0	21	4.403018544262	0
0	36	6.643851325214	1
0	38	7.085448467383	2
0	43	7.434516905248	1
0	49	8.474420933571	0
0	53	8.981661905636	1
0	55	9.263540920408	2
0	61	10.827691676624	3
0	63	11.185648402948	2
0	68	11.452435649738	1
0	75	11.99388646103	2
0	78	12.293201717883	1
0	85	12.600833489794	0
0	109	14.894109054308	1
0	115	16.21586348904	0
0	133	18.461569825016	1
0	134	18.668327154899	0
0	141	20.613528371137	1
0	142	20.977983136146	0
0	168	29.397759464367	1
0	170	29.402578792478	2
0	172	29.482727016612	3
0	173	30.277055778073	2
0	178	30.343424692698	1
0	183	30.557768613834	0
0	189	31.074488662591	1
0	192	31.558512542691	2
0	194	31.746944347517	1
0	199	31.844361049055	0
0	210	32.680969346068	1
0	214	34.307166312964	2
0	219	35.791046717119	3
0	220	35.88602219147	2
0	227	36.614739736505	1
0	233	36.646115387299	0
0	254	39.228478276227	1
0	255	39.883539460771	0
0	273	41.814326483096	1
0	274	42.10065377351	0
0	298	47.41202392028	1
0	300	47.758811929748	2
0	302	48.219766374192	3
0	304	48.323358845344	4
0	305	48.37383515584	3
0	310	48.465323675551	2
0	317	48.77666569777	3
0	318	49.01861146115	2
0	323	49.216119342047	1
0	329	49.347945951021	2
0	330	49.496267200803	1
0	336	49.574013664268	2
0	340	50.118504571425	3
0	341	50.588216832331	2
0	346	51.810322535002	1
0	352	52.762489888956	2
0	358	54.421752188906	1
0	364	55.132314284688	2
0	365	55.374265488607	1
0	369	55.646680392076	2
0	371	56.607310530443	3
0	376	58.248885181551	2
0	380	58.694947610717	3
0	382	59.193480891001	4
0	386	60.343600965385	3
0	392	60.718350606659	4
0	394	61.033164702009	3
0	399	62.392552851868	2
0	405	63.856449809577	3
0	407	64.27403303046	4
0	408	64.432734764808	3
0	412	64.595623166779	4
0	416	65.714432366458	5
0	417	65.940073460321	4
0	423	66.126631071977	5
0	424	66.282818583745	4
0	428	66.490159641213	5
0	434	67.904565145449	6
0	436	68.093421101604	7
0	438	68.570475775614	8
0	439	68.92265644427	7
0	443	71.79003918187	8
0	447	73.455438719746	9
0	450	73.896983102489	10
0	452	74.440534787965	9
0	457	74.465467168144	8
0	463	74.823920246574	9
0	466	74.948265932556	8
0	471	75.274513352841	7
0	476	75.877063438178	6
0	480	77.05614390767	7
0	483	78.251362021424	6
0	490	81.592999756854	5
0	494	82.526853706797	6
0	498	83.059794078165	7
0	499	83.229813016886	6
0	509	84.972649565962	7
0	511	85.359921333572	8
0	513	85.712466496564	9
0	514	86.840353755314	8
0	519	86.874536456293	7
0	523	86.939343417613	8
0	525	87.38272022644	9
0	528	87.822280330966	8
0	535	91.103470920671	9
0	536	91.182738710828	8
0	541	91.614253799196	7
0	546	91.94625129012	6
0	552	92.153625732725	7
0	556	93.120281901398	8
0	559	93.798325988372	7
0	563	94.053703243004	8
0	567	95.759284825165	9
0	569	96.629800701482	8
0	577	97.8919239681	9
0	578	98.721545560907	8
0	584	98.964549962988	9
1	0	0	0
2	0	0	0
2	5	1.503508115357	1
2	27	5.520153280876	2
2	29	5.53597761008	3
2	30	5.759895128889	2
2	40	7.174301375503	3
2	42	7.298681895418	4
2	84	12.4156994253	5
2	92	13.138323455407	4
2	98	14.122591012521	3
2	103	14.271999163898	2
2	112	15.696426245485	3
2	121	16.719856101485	2
2	126	16.817976643233	1
2	148	21.316666694417	2
2	150	21.68568292825	1
2	155	21.87350590629	0
2	212	33.437403183996	1
2	239	37.852799245647	0
2	338	49.952342132916	1
2	350	52.490235100272	2
2	354	53.303769490569	3
2	373	57.44713225593	4
2	432	67.663273596025	5
2	465	74.867583744126	6
2	489	80.331419152343	7
2	503	83.81140845453	8
2	505	83.89697799102	9
2	550	92.114017007924	10
2	554	92.51179164887	11
2	575	97.54453440812	12
2	586	99.275140765228	13
3	15	4.158229986914	2.738603048725
3	23	4.403018544262	1.452149654311
3	32	5.759895128889	1.428694924387
3	45	7.434516905248	5.931008789891
3	51	8.474420933571	1.830569608357
3	65	11.185648402948	4.100199935565
3	70	11.452435649738	2.470773744102
3	80	12.293201717883	3.029660797475
3	87	12.600833489794	1.77314181317
3	94	13.138323455407	1.144436994377
3	100	14.122591012521	8.602437731645
3	105	14.271999163898	8.736021553818
3	117	16.21586348904	9.041562113537
3	123	16.719856101485	1.825747047177
3	128	16.817976643233	9.519294747815
3	136	18.668327154899	6.252627729599
3	144	20.977983136146	2.51641331113
3	152	21.68568292825	1.072154557113
3	157	21.87350590629	6.177079660805
3	161	25.478455128218	4.161788433801
3	175	30.277055778073	1.962764132207
3	180	30.343424692698	0.945665228331
3	185	30.557768613834	1.155189821356
3	196	31.746944347517	2.264217330905
3	201	31.844361049055	0.769872386464
3	205	31.879603946267	0.321091403576
3	222	35.88602219147	3.507821439968
3	229	36.614739736505	3.933770390437
3	235	36.646115387299	2.338949074335
3	241	37.852799245647	2.061752528528
3	245	38.19923815749	4.761834973494
3	257	39.883539460771	0.683293151014
3	263	40.348500483644	1.120022207417
3	276	42.10065377351	1.538955968697
3	280	42.728724195207	0.914397712111
3	288	45.205814830623	0.345434614507
3	307	48.37383515584	1.11922403028
3	312	48.465323675551	1.053299755271
3	320	49.01861146115	1.259799531402
3	325	49.216119342047	0.996352967855
3	332	49.496267200803	1.172908355459
3	343	50.588216832331	1.811551134561
3	348	51.810322535002	2.462376583981
3	360	54.421752188906	4.847738524638
3	367	55.374265488607	5.255760917182
3	378	58.248885181551	5.486395292595
3	388	60.343600965385	5.211286680697
3	396	61.033164702009	5.386484309933
3	401	62.392552851868	5.785242321425
3	410	64.432734764808	5.737787154091
3	419	65.940073460321	6.74659256932
3	426	66.282818583745	5.564467977086
3	441	68.92265644427	5.066206634693
3	454	74.440534787965	10.166501757505
3	459	74.465467168144	9.869844001365
3	468	74.948265932556	9.233833566098
3	473	75.274513352841	9.147882280864
3	478	75.877063438178	9.386903796965
3	485	78.251362021424	10.346796875975
3	492	81.592999756854	13.49957865525
3	501	83.229813016886	14.659337241272
3	516	86.840353755314	15.050314573444
3	521	86.874536456293	13.419097736547
3	530	87.822280330966	13.925297228477
3	538	91.182738710828	16.358818464254
3	543	91.614253799196	14.558109891526
3	548	91.94625129012	9.419397583323
3	561	93.798325988372	10.738531910207
3	571	96.629800701482	11.65715113552
3	580	98.721545560907	13.361624227335
4	15	4.158229986914	2.738603048725
4	45	7.434516905248	5.931008789891
4	100	14.122591012521	8.602437731645
4	105	14.271999163898	8.736021553818
4	117	16.21586348904	9.041562113537
4	128	16.817976643233	9.519294747815
4	136	18.668327154899	6.252627729599
4	157	21.87350590629	6.177079660805
4	161	25.478455128218	4.161788433801
4	175	30.277055778073	1.962764132207
4	222	35.88602219147	3.507821439968
4	245	38.19923815749	4.761834973494
4	257	39.883539460771	0.683293151014
4	307	48.37383515584	1.11922403028
5	23	4.403018544262	1.452149654311
5	32	5.759895128889	1.428694924387
5	51	8.474420933571	1.830569608357
5	65	11.185648402948	4.100199935565
5	70	11.452435649738	2.470773744102
5	80	12.293201717883	3.029660797475
5	87	12.600833489794	1.77314181317
5	94	13.138323455407	1.144436994377
5	123	16.719856101485	1.825747047177
5	144	20.977983136146	2.51641331113
5	152	21.68568292825	1.072154557113
5	180	30.343424692698	0.945665228331
5	185	30.557768613834	1.155189821356
5	196	31.746944347517	2.264217330905
5	201	31.844361049055	0.769872386464
5	205	31.879603946267	0.321091403576
5	229	36.614739736505	3.933770390437
5	235	36.646115387299	2.338949074335
5	241	37.852799245647	2.061752528528
5	263	40.348500483644	1.120022207417
5	276	42.10065377351	1.538955968697
5	280	42.728724195207	0.914397712111
5	288	45.205814830623	0.345434614507
5	312	48.465323675551	1.053299755271
5	320	49.01861146115	1.259799531402
5	325	49.216119342047	0.996352967855
5	332	49.496267200803	1.172908355459
5	343	50.588216832331	1.811551134561
5	348	51.810322535002	2.462376583981
5	360	54.421752188906	4.847738524638
5	367	55.374265488607	5.255760917182
5	378	58.248885181551	5.486395292595
5	388	60.343600965385	5.211286680697
5	396	61.033164702009	5.386484309933
5	401	62.392552851868	5.785242321425
5	410	64.432734764808	5.737787154091
5	419	65.940073460321	6.74659256932
5	426	66.282818583745	5.564467977086
5	441	68.92265644427	5.066206634693
5	454	74.440534787965	10.166501757505
5	459	74.465467168144	9.869844001365
5	468	74.948265932556	9.233833566098
5	473	75.274513352841	9.147882280864
5	478	75.877063438178	9.386903796965
5	485	78.251362021424	10.346796875975
5	492	81.592999756854	13.49957865525
5	501	83.229813016886	14.659337241272
5	516	86.840353755314	15.050314573444
5	521	86.874536456293	13.419097736547
5	530	87.822280330966	13.925297228477
5	538	91.182738710828	16.358818464254
5	543	91.614253799196	14.558109891526
5	548	91.94625129012	9.419397583323
5	561	93.798325988372	10.738531910207
5	571	96.629800701482	11.65715113552
5	580	98.721545560907	13.361624227335

