version 2
run First-n2-5-20191125-12:36:52-9684
attr configname First-n2
attr datetime 20191125-12:36:52
attr experiment First-n2
attr inifile omnetpp.ini
attr iterationvars ""
attr iterationvarsf ""
attr measurement ""
attr network org.omnetpp.queueing.Pizza
attr processid 9684
attr repetition 5
attr replication ""
attr resultdir results_no_transient
attr runnumber 5
attr seedset 5
param **.PS.maxInventoriedPS 2
param **.U1.interArrivalTime exponential(2s)
param **.U2.interArrivalTime exponential(4s)
param **.PS.serviceTimeForInventoryU1 exponential(0.8s)
param **.PS.serviceTimeForInventoryU2 exponential(1.0s)
param **.PS.serviceTimeDirectU1 exponential(1.2s)
param **.PS.serviceTimeDirectU2 exponential(1.4s)
param **.PS.probabilityProducing 0.5
param **.CS.serviceTimeU1 exponential(0.8s)
param **.CS.serviceTimeU2 exponential(1.0s)

vector 0 Pizza.EntryQueueU1 queueLength:vector ETV
attr interpolationmode sample-hold
attr title "queue length, vector"
vector 1 Pizza.CS queueLength:vector ETV
attr interpolationmode sample-hold
attr title "queue length, vector"
vector 2 Pizza.EntryQueueU2 queueLength:vector ETV
attr interpolationmode sample-hold
attr title "queue length, vector"
vector 3 Pizza.sink lifeTime:vector ETV
attr interpolationmode none
attr title "lifetime of arrived jobs, vector"
attr unit s
vector 4 Pizza.sink lifeTimeU2:vector ETV
attr interpolationmode none
attr title "lifetime of arrived jobs, vector"
attr unit s
vector 5 Pizza.sink lifeTimeU1:vector ETV
attr interpolationmode none
attr title "lifetime of arrived jobs, vector"
attr unit s
0	0	0	0
0	5	0.502039955384	1
0	7	0.965195882806	2
0	9	1.869482112156	3
0	12	2.812875588987	2
0	17	4.297919186127	1
0	25	6.886510062585	2
0	28	8.927397378856	1
0	34	8.983064581546	2
0	35	9.149625447573	1
0	40	9.243662588507	0
0	44	9.327751266867	1
0	49	9.784452309703	2
0	50	9.908924208147	1
0	56	10.641815202491	0
0	69	11.267763286566	1
0	70	13.122860218272	0
0	114	24.559310835602	1
0	115	25.332042957475	0
0	132	28.647198510633	1
0	135	30.542093380251	0
0	153	32.008341187966	1
0	154	32.093295303441	0
0	167	32.587028397328	1
0	170	34.256827800989	2
0	171	35.216585623291	1
0	176	35.50421681455	0
0	185	36.27449640052	1
0	186	37.454269839541	0
0	211	41.517380783228	1
0	212	41.605547766507	0
0	219	41.805677597358	1
0	220	41.952756648088	0
0	267	48.055019502471	1
0	268	48.401634819636	0
0	279	50.447017868405	1
0	284	51.419167481618	0
0	296	51.876632095042	1
0	298	51.987577384872	2
0	299	52.830661475078	1
0	307	53.79738983651	0
0	313	54.744432513695	1
0	315	56.126795945244	0
0	324	57.790172183511	1
0	325	57.957514143152	0
0	339	59.286298073966	1
0	342	61.145609246461	2
0	343	62.179469881002	1
0	350	64.058181681885	0
0	390	69.979838839975	1
0	391	70.486242729896	0
0	407	72.398213099079	1
0	411	74.695356566783	0
0	425	75.72268335778	1
0	427	76.586384359265	2
0	430	76.837636516233	1
0	438	77.306941816226	2
0	443	80.281774615179	1
0	448	80.307074534539	0
0	468	82.685189159467	1
0	469	83.54434403383	0
0	479	85.256820196133	1
0	480	86.144041870566	0
0	493	87.968256774001	1
0	494	88.295111844967	0
0	509	98.041395241283	1
0	510	98.608825796167	0
0	516	98.950704948912	1
0	519	99.74911016223	0
1	0	0	0
2	0	0	0
2	27	8.410523326293	1
2	62	10.893423172968	0
2	106	19.42376359283	1
2	108	19.446769870867	2
2	110	20.64631534515	3
2	121	25.746179954014	4
2	123	25.755046634931	5
2	124	26.55379717914	4
2	134	29.181606686137	5
2	141	30.852934230915	6
2	144	31.720810438097	5
2	150	31.72294696092	6
2	160	32.195621553272	7
2	161	32.350941981552	6
2	183	36.191768801164	7
2	191	37.931338833864	6
2	198	38.766859527195	5
2	204	40.573615889259	4
2	226	42.653451205932	3
2	232	43.159321838275	4
2	234	43.515105862339	5
2	236	43.988854767356	6
2	238	45.527675581849	5
2	244	45.962656745548	4
2	249	46.676730966226	3
2	254	46.712521375004	2
2	261	47.750897406319	1
2	273	48.980087824998	0
2	281	50.661031584442	1
2	283	50.743440200062	2
2	290	51.843151972208	1
2	305	53.406338436312	2
2	331	58.261650916133	3
2	332	58.822551138071	2
2	349	63.296468332097	3
2	355	64.784702850852	2
2	361	65.252651815635	1
2	367	65.670706902939	0
2	397	70.522601130243	1
2	400	70.952890716126	2
2	401	71.805523861846	1
2	409	72.639095151897	2
2	416	74.744705107344	1
2	421	75.623500926883	0
2	441	78.316883060921	1
2	455	82.070625878306	0
2	476	84.711845375469	1
2	486	86.885082687524	0
3	14	2.812875588987	2.585831694502
3	19	4.297919186127	3.795879230743
3	30	8.927397378856	7.96220149605
3	37	9.149625447573	7.280143335417
3	42	9.243662588507	2.357152525922
3	52	9.908924208147	0.925859626601
3	58	10.641815202491	1.314063935624
3	64	10.893423172968	1.108970863265
3	72	13.122860218272	4.712336891979
3	76	13.198791276211	1.931027989645
3	84	14.423836347507	0.648942222727
3	91	15.567394870971	0.957437862765
3	101	18.729246152434	0.816865948507
3	117	25.332042957475	5.970500134417
3	126	26.55379717914	1.994486343538
3	137	30.542093380251	11.118329787421
3	146	31.720810438097	3.073611927464
3	156	32.093295303441	12.646525432574
3	163	32.350941981552	0.342600793586
3	173	35.216585623291	14.570270278141
3	178	35.50421681455	2.917188417222
3	188	37.454269839541	3.197442038552
3	193	37.931338833864	1.656842433344
3	200	38.766859527195	13.020679573181
3	206	40.573615889259	14.818569254328
3	214	41.605547766507	12.42394108037
3	222	41.952756648088	0.43537586486
3	228	42.653451205932	0.847773608574
3	240	45.527675581849	14.674741350934
3	246	45.962656745548	14.239709784628
3	251	46.676730966226	14.481109412954
3	256	46.712521375004	10.52075257384
3	263	47.750897406319	4.591575568044
3	270	48.401634819636	4.886528957297
3	275	48.980087824998	0.925068322527
3	286	51.419167481618	7.430312714262
3	292	51.843151972208	1.396134103803
3	301	52.830661475078	2.169629890636
3	309	53.79738983651	1.920757741468
3	317	56.126795945244	4.139218560372
3	327	57.957514143152	3.213081629457
3	334	58.822551138071	1.03237895456
3	345	62.179469881002	11.43602968094
3	352	64.058181681885	4.771883607919
3	357	64.784702850852	3.639093604391
3	363	65.252651815635	11.846313379323
3	369	65.670706902939	7.409055986806
3	375	67.333093335293	4.036625003196
3	382	69.258205809995	1.125088079295
3	393	70.486242729896	1.120102072884
3	403	71.805523861846	1.825685021871
3	413	74.695356566783	4.17275543654
3	418	74.744705107344	2.346492008265
3	423	75.623500926883	4.670610210757
3	432	76.837636516233	4.198541364336
3	445	80.281774615179	4.559091257399
3	450	80.307074534539	3.720690175274
3	457	82.070625878306	4.76368406208
3	461	82.170793172876	3.853910111955
3	471	83.54434403383	1.002136084443
3	482	86.144041870566	3.458852711099
3	488	86.885082687524	1.628262491391
3	496	88.295111844967	3.583266469498
3	501	89.522980280444	1.554723506443
3	512	98.608825796167	2.312798134975
3	521	99.74911016223	1.707714920947
4	14	2.812875588987	2.585831694502
4	72	13.122860218272	4.712336891979
4	84	14.423836347507	0.648942222727
4	91	15.567394870971	0.957437862765
4	137	30.542093380251	11.118329787421
4	156	32.093295303441	12.646525432574
4	173	35.216585623291	14.570270278141
4	200	38.766859527195	13.020679573181
4	206	40.573615889259	14.818569254328
4	214	41.605547766507	12.42394108037
4	240	45.527675581849	14.674741350934
4	246	45.962656745548	14.239709784628
4	251	46.676730966226	14.481109412954
4	256	46.712521375004	10.52075257384
4	263	47.750897406319	4.591575568044
4	270	48.401634819636	4.886528957297
4	286	51.419167481618	7.430312714262
4	301	52.830661475078	2.169629890636
4	345	62.179469881002	11.43602968094
4	363	65.252651815635	11.846313379323
4	369	65.670706902939	7.409055986806
4	375	67.333093335293	4.036625003196
4	382	69.258205809995	1.125088079295
4	413	74.695356566783	4.17275543654
4	423	75.623500926883	4.670610210757
4	432	76.837636516233	4.198541364336
4	461	82.170793172876	3.853910111955
4	471	83.54434403383	1.002136084443
4	496	88.295111844967	3.583266469498
4	512	98.608825796167	2.312798134975
5	19	4.297919186127	3.795879230743
5	30	8.927397378856	7.96220149605
5	37	9.149625447573	7.280143335417
5	42	9.243662588507	2.357152525922
5	52	9.908924208147	0.925859626601
5	58	10.641815202491	1.314063935624
5	64	10.893423172968	1.108970863265
5	76	13.198791276211	1.931027989645
5	101	18.729246152434	0.816865948507
5	117	25.332042957475	5.970500134417
5	126	26.55379717914	1.994486343538
5	146	31.720810438097	3.073611927464
5	163	32.350941981552	0.342600793586
5	178	35.50421681455	2.917188417222
5	188	37.454269839541	3.197442038552
5	193	37.931338833864	1.656842433344
5	222	41.952756648088	0.43537586486
5	228	42.653451205932	0.847773608574
5	275	48.980087824998	0.925068322527
5	292	51.843151972208	1.396134103803
5	309	53.79738983651	1.920757741468
5	317	56.126795945244	4.139218560372
5	327	57.957514143152	3.213081629457
5	334	58.822551138071	1.03237895456
5	352	64.058181681885	4.771883607919
5	357	64.784702850852	3.639093604391
5	393	70.486242729896	1.120102072884
5	403	71.805523861846	1.825685021871
5	418	74.744705107344	2.346492008265
5	445	80.281774615179	4.559091257399
5	450	80.307074534539	3.720690175274
5	457	82.070625878306	4.76368406208
5	482	86.144041870566	3.458852711099
5	488	86.885082687524	1.628262491391
5	501	89.522980280444	1.554723506443
5	521	99.74911016223	1.707714920947

