version 2
run First-n4-14-20191125-12:37:05-6704
attr configname First-n4
attr datetime 20191125-12:37:05
attr experiment First-n4
attr inifile omnetpp.ini
attr iterationvars ""
attr iterationvarsf ""
attr measurement ""
attr network org.omnetpp.queueing.Pizza
attr processid 6704
attr repetition 14
attr replication ""
attr resultdir results_no_transient
attr runnumber 14
attr seedset 14
param **.PS.maxInventoriedPS 4
param **.U1.interArrivalTime exponential(2s)
param **.U2.interArrivalTime exponential(4s)
param **.PS.serviceTimeForInventoryU1 exponential(0.8s)
param **.PS.serviceTimeForInventoryU2 exponential(1.0s)
param **.PS.serviceTimeDirectU1 exponential(1.2s)
param **.PS.serviceTimeDirectU2 exponential(1.4s)
param **.PS.probabilityProducing 0.5
param **.CS.serviceTimeU1 exponential(0.8s)
param **.CS.serviceTimeU2 exponential(1.0s)

vector 0 Pizza.EntryQueueU1 queueLength:vector ETV
attr interpolationmode sample-hold
attr title "queue length, vector"
vector 1 Pizza.CS queueLength:vector ETV
attr interpolationmode sample-hold
attr title "queue length, vector"
vector 2 Pizza.EntryQueueU2 queueLength:vector ETV
attr interpolationmode sample-hold
attr title "queue length, vector"
vector 3 Pizza.sink lifeTime:vector ETV
attr interpolationmode none
attr title "lifetime of arrived jobs, vector"
attr unit s
vector 4 Pizza.sink lifeTimeU1:vector ETV
attr interpolationmode none
attr title "lifetime of arrived jobs, vector"
attr unit s
vector 5 Pizza.sink lifeTimeU2:vector ETV
attr interpolationmode none
attr title "lifetime of arrived jobs, vector"
attr unit s
0	0	0	0
0	36	7.626999046764	1
0	38	8.121256100938	2
0	40	8.592762200753	3
0	43	9.015562409945	2
0	47	9.290477850807	3
0	53	12.082512191556	4
0	56	14.807052354365	3
0	61	15.550341021095	2
0	68	18.662060041799	1
0	72	19.533082634406	2
0	74	19.783352831826	3
0	79	21.125440150436	2
0	89	21.923402854585	3
0	90	22.223555706012	2
0	96	23.178123964034	1
0	101	23.346580836548	0
0	122	24.636962172741	1
0	124	25.316049656925	2
0	125	25.66949243822	1
0	131	26.732722597439	0
0	153	28.541120584351	1
0	155	29.88324860689	0
0	174	31.193327856406	1
0	176	32.389651279579	2
0	178	32.578047182824	3
0	180	33.699032736389	4
0	183	34.362025287344	3
0	193	35.247446043162	2
0	199	35.480822734369	3
0	201	35.95095534835	4
0	202	36.061679513684	3
0	207	36.275887387052	2
0	212	36.345266017002	1
0	216	36.432617714555	2
0	219	36.989474935104	1
0	224	37.33250529324	0
0	233	38.121827624036	1
0	241	39.051720331575	2
0	245	39.617952809793	3
0	248	41.309624465348	2
0	254	43.22338801666	1
0	259	44.015963744994	0
0	284	50.234808548404	1
0	288	50.844470518017	0
0	294	50.977615240935	1
0	298	51.438972643971	2
0	300	52.382775818836	1
0	306	52.724376510161	2
0	309	53.347281837545	3
0	310	53.646946662812	2
0	317	54.696912540047	1
0	323	56.450595068309	0
0	337	57.633215522256	1
0	340	58.942146584808	0
0	380	66.342709955781	1
0	381	66.387091223729	0
0	394	66.778251973138	1
0	397	67.124173285966	0
0	419	69.231119673175	1
0	423	69.317578521801	2
0	424	69.418668157418	1
0	429	69.883819771117	0
0	436	70.47596753432	1
0	438	71.112024011282	0
0	490	81.869871429534	1
0	494	82.164521549498	2
0	495	82.226412609751	1
0	501	83.293636254061	2
0	502	83.657730597435	1
0	508	84.022020107943	2
0	512	85.838065191899	3
0	514	87.123300446053	4
0	517	87.607137985461	3
0	523	88.234106639244	4
0	524	88.398199311727	3
0	528	88.589926762588	4
0	532	90.139215209051	5
0	533	90.66765665906	4
0	537	91.834313155801	5
0	542	92.387477916725	4
0	546	94.164177525782	5
0	550	94.481856568356	6
0	553	95.028706055459	5
0	557	95.069806565657	6
0	559	95.211604520168	7
0	562	96.029288968459	6
0	566	96.105594674186	7
0	569	96.292543385968	6
0	575	97.613954626428	5
0	580	98.003177869844	4
1	0	0	0
2	0	0	0
2	49	10.198724837328	1
2	51	11.226481556374	2
2	65	16.987608747044	3
2	87	21.458015204997	4
2	106	23.51499425205	3
2	111	23.957282123322	2
2	116	23.997962901758	1
2	136	26.895165124364	0
2	161	30.0565114901	1
2	164	30.707399681748	2
2	165	31.007198475765	1
2	170	31.17328318991	0
2	189	34.396032251964	1
2	192	35.118734022775	2
2	229	37.684258869325	1
2	235	38.4754010033	2
2	239	38.864136411811	3
2	247	41.142321910154	4
2	264	45.622515039543	3
2	269	48.529277059733	2
2	274	49.028048547317	1
2	287	50.711988619452	2
2	329	56.633633673075	1
2	335	56.649911889464	2
2	339	58.775378648187	3
2	345	58.949777568564	2
2	350	59.427504026937	1
2	355	59.690400931792	0
2	387	66.644459564115	1
2	388	66.729538192126	0
2	412	68.698404266937	1
2	413	68.815501155027	0
2	421	69.23454756434	1
2	443	71.626710491355	0
2	492	81.980663135293	1
2	506	83.872514958423	2
2	510	85.25066421268	3
2	539	92.07341675937	4
2	548	94.41612908597	5
3	7	2.740669890449	1.29780973762
3	16	4.716439596079	0.306514206635
3	24	5.824542310142	0.912574689697
3	31	6.806664772653	0.345927719878
3	45	9.015562409945	1.716950570438
3	58	14.807052354365	7.180053307601
3	63	15.550341021095	7.429084920157
3	70	18.662060041799	10.069297841046
3	81	21.125440150436	11.834962299629
3	92	22.223555706012	10.141043514456
3	98	23.178123964034	3.645041329628
3	103	23.346580836548	3.563228004722
3	108	23.51499425205	1.591591397465
3	113	23.957282123322	13.758557285994
3	118	23.997962901758	12.771481345384
3	127	25.66949243822	8.681883691176
3	133	26.732722597439	2.095760424698
3	138	26.895165124364	1.579115467439
3	143	27.479330942991	6.021315737994
3	157	29.88324860689	1.908567661332
3	167	31.007198475765	2.466077891414
3	172	31.17328318991	1.11677169981
3	185	34.362025287344	3.654625605596
3	195	35.247446043162	4.054118186756
3	204	36.061679513684	3.672028234105
3	209	36.275887387052	3.697840204228
3	214	36.345266017002	2.646233280613
3	221	36.989474935104	1.508652200735
3	226	37.33250529324	1.38154994489
3	231	37.684258869325	1.25164115477
3	250	41.309624465348	6.913592213384
3	256	43.22338801666	5.101560392624
3	261	44.015963744994	4.964243413419
3	266	45.622515039543	6.00456222975
3	271	48.529277059733	13.410543036958
3	276	49.028048547317	10.552647544017
3	290	50.844470518017	11.980334106206
3	302	52.382775818836	2.147967270432
3	312	53.646946662812	2.669331421877
3	319	54.696912540047	3.257939896076
3	325	56.450595068309	3.726218558148
3	331	56.633633673075	3.28635183553
3	342	58.942146584808	17.799824674654
3	347	58.949777568564	1.316562046308
3	352	59.427504026937	8.715515407485
3	357	59.690400931792	3.040489042328
3	361	60.008126321503	1.232747673316
3	369	60.556830456162	0.045670869862
3	383	66.387091223729	1.981076585647
3	390	66.729538192126	0.386828236345
3	399	67.124173285966	0.479713721851
3	405	68.425490823089	1.647238849951
3	415	68.815501155027	0.184115013201
3	426	69.418668157418	0.720263890481
3	431	69.883819771117	0.652700097942
3	440	71.112024011282	1.794445489481
3	445	71.626710491355	1.150742957035
3	451	72.673655820911	3.439108256571
3	461	76.499669392562	0.588066076954
3	468	77.581724562821	0.105757120913
3	476	79.899136095704	0.60229085057
3	483	80.450447040245	0.246942023127
3	497	82.226412609751	0.468254204648
3	504	83.657730597435	1.787859167901
3	519	87.607137985461	5.442616435963
3	526	88.398199311727	5.104563057666
3	535	90.66765665906	6.645636551117
3	544	92.387477916725	6.549412724826
3	555	95.028706055459	7.905405609406
3	564	96.029288968459	7.795182329215
3	571	96.292543385968	7.70261662338
3	577	97.613954626428	7.474739417377
3	582	98.003177869844	6.168864714043
4	7	2.740669890449	1.29780973762
4	16	4.716439596079	0.306514206635
4	24	5.824542310142	0.912574689697
4	31	6.806664772653	0.345927719878
4	45	9.015562409945	1.716950570438
4	58	14.807052354365	7.180053307601
4	63	15.550341021095	7.429084920157
4	70	18.662060041799	10.069297841046
4	81	21.125440150436	11.834962299629
4	92	22.223555706012	10.141043514456
4	98	23.178123964034	3.645041329628
4	103	23.346580836548	3.563228004722
4	108	23.51499425205	1.591591397465
4	133	26.732722597439	2.095760424698
4	138	26.895165124364	1.579115467439
4	157	29.88324860689	1.908567661332
4	167	31.007198475765	2.466077891414
4	195	35.247446043162	4.054118186756
4	204	36.061679513684	3.672028234105
4	209	36.275887387052	3.697840204228
4	214	36.345266017002	2.646233280613
4	221	36.989474935104	1.508652200735
4	226	37.33250529324	1.38154994489
4	231	37.684258869325	1.25164115477
4	256	43.22338801666	5.101560392624
4	261	44.015963744994	4.964243413419
4	266	45.622515039543	6.00456222975
4	302	52.382775818836	2.147967270432
4	312	53.646946662812	2.669331421877
4	319	54.696912540047	3.257939896076
4	325	56.450595068309	3.726218558148
4	331	56.633633673075	3.28635183553
4	347	58.949777568564	1.316562046308
4	369	60.556830456162	0.045670869862
4	390	66.729538192126	0.386828236345
4	405	68.425490823089	1.647238849951
4	415	68.815501155027	0.184115013201
4	431	69.883819771117	0.652700097942
4	440	71.112024011282	1.794445489481
4	445	71.626710491355	1.150742957035
4	461	76.499669392562	0.588066076954
4	468	77.581724562821	0.105757120913
4	476	79.899136095704	0.60229085057
4	483	80.450447040245	0.246942023127
4	497	82.226412609751	0.468254204648
4	504	83.657730597435	1.787859167901
4	519	87.607137985461	5.442616435963
4	526	88.398199311727	5.104563057666
4	535	90.66765665906	6.645636551117
4	544	92.387477916725	6.549412724826
4	555	95.028706055459	7.905405609406
4	564	96.029288968459	7.795182329215
4	571	96.292543385968	7.70261662338
4	577	97.613954626428	7.474739417377
4	582	98.003177869844	6.168864714043
5	113	23.957282123322	13.758557285994
5	118	23.997962901758	12.771481345384
5	127	25.66949243822	8.681883691176
5	143	27.479330942991	6.021315737994
5	172	31.17328318991	1.11677169981
5	185	34.362025287344	3.654625605596
5	250	41.309624465348	6.913592213384
5	271	48.529277059733	13.410543036958
5	276	49.028048547317	10.552647544017
5	290	50.844470518017	11.980334106206
5	342	58.942146584808	17.799824674654
5	352	59.427504026937	8.715515407485
5	357	59.690400931792	3.040489042328
5	361	60.008126321503	1.232747673316
5	383	66.387091223729	1.981076585647
5	399	67.124173285966	0.479713721851
5	426	69.418668157418	0.720263890481
5	451	72.673655820911	3.439108256571

