version 2
run First-n4-19-20191125-12:37:14-9828
attr configname First-n4
attr datetime 20191125-12:37:14
attr experiment First-n4
attr inifile omnetpp.ini
attr iterationvars ""
attr iterationvarsf ""
attr measurement ""
attr network org.omnetpp.queueing.Pizza
attr processid 9828
attr repetition 19
attr replication ""
attr resultdir results_no_transient
attr runnumber 19
attr seedset 19
param **.PS.maxInventoriedPS 4
param **.U1.interArrivalTime exponential(2s)
param **.U2.interArrivalTime exponential(4s)
param **.PS.serviceTimeForInventoryU1 exponential(0.8s)
param **.PS.serviceTimeForInventoryU2 exponential(1.0s)
param **.PS.serviceTimeDirectU1 exponential(1.2s)
param **.PS.serviceTimeDirectU2 exponential(1.4s)
param **.PS.probabilityProducing 0.5
param **.CS.serviceTimeU1 exponential(0.8s)
param **.CS.serviceTimeU2 exponential(1.0s)

vector 0 Pizza.EntryQueueU1 queueLength:vector ETV
attr interpolationmode sample-hold
attr title "queue length, vector"
vector 1 Pizza.CS queueLength:vector ETV
attr interpolationmode sample-hold
attr title "queue length, vector"
vector 2 Pizza.EntryQueueU2 queueLength:vector ETV
attr interpolationmode sample-hold
attr title "queue length, vector"
vector 3 Pizza.sink lifeTime:vector ETV
attr interpolationmode none
attr title "lifetime of arrived jobs, vector"
attr unit s
vector 4 Pizza.sink lifeTimeU1:vector ETV
attr interpolationmode none
attr title "lifetime of arrived jobs, vector"
attr unit s
vector 5 Pizza.sink lifeTimeU2:vector ETV
attr interpolationmode none
attr title "lifetime of arrived jobs, vector"
attr unit s
0	0	0	0
0	18	3.069921891541	1
0	20	3.086285159072	2
0	23	4.736737406642	1
0	28	5.37381641914	0
0	53	11.205233952584	1
0	55	12.844308025635	2
0	61	14.795016489315	1
0	67	15.118395584667	0
0	73	15.848687606472	1
0	75	16.106975685878	0
0	93	18.86817826995	1
0	94	18.989445115979	0
0	102	19.682045230512	1
0	104	19.841293369751	2
0	109	19.982693390749	1
0	119	20.714614541077	0
0	125	20.857100736627	1
0	126	21.193255862243	0
0	138	21.745582364407	1
0	139	22.82553722966	0
0	147	24.958438604099	1
0	148	25.028430380342	0
0	179	30.551959976624	1
0	180	31.248123992093	0
0	207	34.014696126048	1
0	208	34.098900558974	0
0	221	34.999133575771	1
0	222	35.729724030481	0
0	228	36.021341568278	1
0	229	36.056397324135	0
0	241	38.502149570789	1
0	242	38.589486021137	0
0	250	39.076550336227	1
0	251	39.713990856362	0
0	257	39.972743479636	1
0	261	40.756914410699	2
0	265	42.491002549861	3
0	268	42.753069391298	2
0	274	42.952009243276	3
0	275	43.137396555977	2
0	279	43.770900624117	3
0	283	46.676489503231	2
0	293	48.942777717831	3
0	296	50.468800818198	2
0	301	52.050724444976	1
0	309	55.34088968717	2
0	310	55.531217245994	1
0	314	55.643440742441	2
0	319	56.670521038248	3
0	323	57.128466617169	4
0	326	57.872727744736	5
0	328	57.902912782042	6
0	330	59.12981446209	5
0	335	60.125498759748	4
0	340	61.678859020144	3
0	346	62.104188899149	4
0	347	63.260969853632	3
0	353	64.29296393406	4
0	358	65.46852202951	3
0	363	65.56689259128	2
0	367	65.589709738415	3
0	370	66.665941084285	2
0	375	67.466525118728	1
0	379	67.783506719448	2
0	382	67.946898714443	1
0	390	68.733165304403	2
0	392	69.002814607342	3
0	395	70.586116615578	2
0	400	72.038574675655	1
0	407	75.069560302905	0
0	437	79.735946025466	1
0	439	80.49601780328	0
0	452	80.893308086205	1
0	453	81.051725126721	0
0	488	85.82446122591	1
0	489	86.305925081586	0
0	495	86.461419393483	1
0	498	87.136534821706	0
0	507	89.301603524114	1
0	509	89.861529662788	2
0	511	90.031846889271	3
0	513	90.135122895751	4
0	515	91.882820070463	5
0	519	92.902910223986	4
0	525	93.35393543138	5
0	527	93.362288668401	6
0	529	93.533473807909	7
0	530	94.405033500336	6
0	536	94.455476153418	7
0	540	95.632174770222	6
0	546	95.725496251606	5
0	557	96.332580368858	6
0	559	96.367960092744	7
0	560	96.415144291952	6
0	568	96.926768438698	5
0	575	98.139934647509	4
0	581	98.455114861181	3
0	586	99.276265879284	2
0	591	99.874243300568	1
0	596	99.995542101739	0
1	0	0	0
2	0	0	0
2	14	2.415940366881	1
2	16	2.916087520572	2
2	33	5.416346117344	1
2	39	6.095255105513	0
2	59	13.603930170597	1
2	80	16.749645085379	0
2	87	17.424389502535	1
2	90	18.182320270376	2
2	106	19.861254882304	3
2	108	19.902845963742	4
2	116	20.325921654882	5
2	131	21.567901697033	4
2	155	25.722202528423	5
2	157	25.84931123547	6
2	159	26.904052365107	5
2	164	26.932816082478	4
2	172	29.71511672525	5
2	173	30.355286562936	4
2	186	31.392220643368	3
2	191	32.820114455922	2
2	196	32.822137928097	1
2	201	32.941057405218	0
2	236	36.907148660553	1
2	238	37.128852367324	2
2	246	38.715316899908	3
2	259	40.429049522929	4
2	267	42.62294116158	5
2	291	48.724868040686	6
2	295	49.450329887895	7
2	305	54.05694215529	8
2	321	56.862014875561	9
2	351	64.022499143338	10
2	355	64.345984688713	11
2	386	68.572400106605	12
2	388	68.691617149045	13
2	404	72.566426547592	14
2	411	75.848536578262	15
2	413	77.568072216888	16
2	416	77.840369088307	15
2	424	78.750604633392	14
2	430	79.565788781635	13
2	444	80.573864797647	12
2	458	81.086401207499	11
2	463	81.445197093442	10
2	469	82.345897316641	9
2	476	84.019361909181	10
2	477	84.223190154707	9
2	482	84.356602368294	8
2	497	86.889971318964	9
2	503	88.777231666463	8
2	552	95.905753566228	9
2	554	96.01718336842	10
3	7	0.962921035824	0.757673385321
3	25	4.736737406642	2.48497457847
3	30	5.37381641914	2.303894527599
3	35	5.416346117344	2.330060958272
3	41	6.095255105513	3.679314738632
3	45	6.856009149263	3.939921628691
3	63	14.795016489315	5.307078448941
3	69	15.118395584667	3.913161632083
3	77	16.106975685878	3.262667660243
3	82	16.749645085379	0.900957478907
3	96	18.989445115979	5.385514945382
3	111	19.982693390749	1.114515120799
3	121	20.714614541077	1.032569310565
3	128	21.193255862243	1.351962492492
3	133	21.567901697033	0.710800960406
3	141	22.82553722966	5.401147727125
3	150	25.028430380342	3.282848015935
3	161	26.904052365107	1.945613761008
3	166	26.932816082478	8.750495812102
3	175	30.355286562936	10.494031680632
3	182	31.248123992093	11.345278028351
3	188	31.392220643368	0.840260666744
3	193	32.820114455922	12.49419280104
3	198	32.822137928097	7.099935399674
3	203	32.941057405218	7.091746169748
3	210	34.098900558974	4.383783833724
3	214	34.360075524083	0.345379398035
3	224	35.729724030481	1.088749425176
3	231	36.056397324135	1.057263748364
3	244	38.589486021137	2.568144452859
3	253	39.713990856362	1.211841285573
3	270	42.753069391298	3.676519055071
3	277	43.137396555977	3.164653076341
3	285	46.676489503231	5.919575092532
3	298	50.468800818198	7.977798268337
3	303	52.050724444976	9.0987152017
3	312	55.531217245994	11.760316621877
3	332	59.12981446209	10.187036744259
3	337	60.125498759748	4.784609072578
3	342	61.678859020144	6.035418277703
3	349	63.260969853632	6.590448815384
3	360	65.46852202951	8.340055412341
3	365	65.56689259128	7.694164846544
3	372	66.665941084285	8.763028302243
3	377	67.466525118728	5.362336219579
3	384	67.946898714443	3.653934780383
3	397	70.586116615578	4.996406877163
3	402	72.038574675655	4.255067956207
3	409	75.069560302905	6.336394998502
3	418	77.840369088307	8.837554480965
3	426	78.750604633392	41.843455972839
3	432	79.565788781635	42.436936414311
3	441	80.49601780328	41.780700903372
3	446	80.573864797647	0.837918772181
3	455	81.051725126721	40.622675603792
3	460	81.086401207499	0.193093121294
3	465	81.445197093442	38.822255931862
3	471	82.345897316641	33.621029275955
3	479	84.223190154707	34.772860266812
3	484	84.356602368294	30.299660213004
3	491	86.305925081586	29.443910206025
3	500	87.136534821706	1.312073595796
3	505	88.777231666463	2.31581227298
3	521	92.902910223986	28.880411080648
3	532	94.405033500336	5.103429976222
3	542	95.632174770222	5.770645107434
3	548	95.725496251606	5.693649362335
3	562	96.415144291952	6.280021396201
3	570	96.926768438698	5.043948368235
3	577	98.139934647509	4.785999216129
3	583	98.455114861181	5.09282619278
3	588	99.276265879284	5.742792071375
3	593	99.874243300568	5.41876714715
3	598	99.995542101739	3.662961732881
4	7	0.962921035824	0.757673385321
4	30	5.37381641914	2.303894527599
4	35	5.416346117344	2.330060958272
4	69	15.118395584667	3.913161632083
4	77	16.106975685878	3.262667660243
4	82	16.749645085379	0.900957478907
4	111	19.982693390749	1.114515120799
4	121	20.714614541077	1.032569310565
4	128	21.193255862243	1.351962492492
4	133	21.567901697033	0.710800960406
4	150	25.028430380342	3.282848015935
4	161	26.904052365107	1.945613761008
4	188	31.392220643368	0.840260666744
4	214	34.360075524083	0.345379398035
4	224	35.729724030481	1.088749425176
4	231	36.056397324135	1.057263748364
4	244	38.589486021137	2.568144452859
4	253	39.713990856362	1.211841285573
4	270	42.753069391298	3.676519055071
4	277	43.137396555977	3.164653076341
4	285	46.676489503231	5.919575092532
4	298	50.468800818198	7.977798268337
4	303	52.050724444976	9.0987152017
4	312	55.531217245994	11.760316621877
4	332	59.12981446209	10.187036744259
4	337	60.125498759748	4.784609072578
4	342	61.678859020144	6.035418277703
4	349	63.260969853632	6.590448815384
4	360	65.46852202951	8.340055412341
4	365	65.56689259128	7.694164846544
4	372	66.665941084285	8.763028302243
4	377	67.466525118728	5.362336219579
4	384	67.946898714443	3.653934780383
4	397	70.586116615578	4.996406877163
4	402	72.038574675655	4.255067956207
4	409	75.069560302905	6.336394998502
4	418	77.840369088307	8.837554480965
4	446	80.573864797647	0.837918772181
4	460	81.086401207499	0.193093121294
4	500	87.136534821706	1.312073595796
4	505	88.777231666463	2.31581227298
4	532	94.405033500336	5.103429976222
4	542	95.632174770222	5.770645107434
4	548	95.725496251606	5.693649362335
4	562	96.415144291952	6.280021396201
4	570	96.926768438698	5.043948368235
4	577	98.139934647509	4.785999216129
4	583	98.455114861181	5.09282619278
4	588	99.276265879284	5.742792071375
4	593	99.874243300568	5.41876714715
4	598	99.995542101739	3.662961732881
5	25	4.736737406642	2.48497457847
5	41	6.095255105513	3.679314738632
5	45	6.856009149263	3.939921628691
5	63	14.795016489315	5.307078448941
5	96	18.989445115979	5.385514945382
5	141	22.82553722966	5.401147727125
5	166	26.932816082478	8.750495812102
5	175	30.355286562936	10.494031680632
5	182	31.248123992093	11.345278028351
5	193	32.820114455922	12.49419280104
5	198	32.822137928097	7.099935399674
5	203	32.941057405218	7.091746169748
5	210	34.098900558974	4.383783833724
5	426	78.750604633392	41.843455972839
5	432	79.565788781635	42.436936414311
5	441	80.49601780328	41.780700903372
5	455	81.051725126721	40.622675603792
5	465	81.445197093442	38.822255931862
5	471	82.345897316641	33.621029275955
5	479	84.223190154707	34.772860266812
5	484	84.356602368294	30.299660213004
5	491	86.305925081586	29.443910206025
5	521	92.902910223986	28.880411080648

