version 2
run First-n5-13-20191125-12:37:06-6164
attr configname First-n5
attr datetime 20191125-12:37:06
attr experiment First-n5
attr inifile omnetpp.ini
attr iterationvars ""
attr iterationvarsf ""
attr measurement ""
attr network org.omnetpp.queueing.Pizza
attr processid 6164
attr repetition 13
attr replication ""
attr resultdir results_no_transient
attr runnumber 13
attr seedset 13
param **.PS.maxInventoriedPS 5
param **.U1.interArrivalTime exponential(2s)
param **.U2.interArrivalTime exponential(4s)
param **.PS.serviceTimeForInventoryU1 exponential(0.8s)
param **.PS.serviceTimeForInventoryU2 exponential(1.0s)
param **.PS.serviceTimeDirectU1 exponential(1.2s)
param **.PS.serviceTimeDirectU2 exponential(1.4s)
param **.PS.probabilityProducing 0.5
param **.CS.serviceTimeU1 exponential(0.8s)
param **.CS.serviceTimeU2 exponential(1.0s)

vector 0 Pizza.EntryQueueU1 queueLength:vector ETV
attr interpolationmode sample-hold
attr title "queue length, vector"
vector 1 Pizza.CS queueLength:vector ETV
attr interpolationmode sample-hold
attr title "queue length, vector"
vector 2 Pizza.EntryQueueU2 queueLength:vector ETV
attr interpolationmode sample-hold
attr title "queue length, vector"
vector 3 Pizza.sink lifeTime:vector ETV
attr interpolationmode none
attr title "lifetime of arrived jobs, vector"
attr unit s
vector 4 Pizza.sink lifeTimeU1:vector ETV
attr interpolationmode none
attr title "lifetime of arrived jobs, vector"
attr unit s
vector 5 Pizza.sink lifeTimeU2:vector ETV
attr interpolationmode none
attr title "lifetime of arrived jobs, vector"
attr unit s
0	0	0	0
0	5	3.549890252068	1
0	13	7.02760041119	2
0	15	8.239772737911	1
0	19	8.897239814039	2
0	22	9.499676164168	1
0	26	9.879426269775	2
0	28	10.588350967696	3
0	33	12.357285146252	2
0	43	12.962283266721	1
0	52	15.307673713546	2
0	53	15.344505705046	1
0	59	16.127959425341	0
0	94	20.304201849867	1
0	96	20.952883874216	2
0	97	21.173840553918	1
0	104	22.878146034868	2
0	105	23.180070429254	1
0	113	23.438832711324	2
0	115	23.625097727971	3
0	117	23.96241267329	2
0	122	24.017660931386	1
0	127	24.280222568629	0
0	136	24.579019801335	1
0	137	25.207129187373	0
0	153	26.543487719249	1
0	155	26.934835483432	2
0	158	28.125086360164	1
0	164	28.79819115136	0
0	183	29.220190269403	1
0	184	29.754040871168	0
0	188	30.4618227981	1
0	194	32.910084175856	0
0	245	43.179522519443	1
0	246	44.921237744319	0
0	252	45.178524718711	1
0	253	45.564971507926	0
0	303	55.843198703808	1
0	306	56.416412274113	0
0	310	56.64909932574	1
0	314	56.789083687533	2
0	315	56.965830917146	1
0	319	57.18617923137	2
0	323	57.451552930411	3
0	327	58.040227691565	2
0	332	58.088002849298	1
0	338	58.107060385392	2
0	339	58.588041988562	1
0	343	58.619464445879	2
0	347	60.51218916901	3
0	348	60.770095498232	2
0	353	62.080792812702	1
0	358	63.957372823474	0
0	389	70.890073575727	1
0	394	72.825742276154	2
0	400	73.756956141582	3
0	401	73.793584315715	2
0	407	74.571545989414	1
0	412	75.612993650494	0
0	423	76.144688128214	1
0	426	76.404457712471	0
0	437	76.790845431761	1
0	439	76.899475250166	2
0	440	77.023728252841	1
0	445	78.137912478635	0
0	449	78.360001466323	1
0	455	79.958212935192	0
0	477	82.429648100059	1
0	478	82.600060456492	0
0	491	87.248399656154	1
0	492	87.416997049975	0
0	496	89.485793030201	1
0	499	90.191324494061	0
0	510	91.948711033055	1
0	512	92.762508059795	2
0	514	93.591891955705	1
0	523	95.393194397467	2
0	524	95.855689605491	1
0	529	95.95760196944	0
0	548	99.079191057845	1
0	551	99.680027239706	0
0	557	99.733044881882	1
0	559	99.92793106206	2
1	0	0	0
2	0	0	0
2	7	3.739258279764	1
2	40	12.678316803355	2
2	42	12.71614619589	3
2	64	16.400562492951	2
2	69	16.409316426529	1
2	75	16.528526302615	2
2	76	17.155535020673	1
2	83	18.059906908747	0
2	111	23.231717079437	1
2	134	24.398438294734	2
2	142	25.29031011788	1
2	147	25.521470712326	0
2	157	27.577033110982	1
2	170	28.96278191592	0
2	291	54.368864807233	1
2	292	54.395277226429	0
2	362	63.996773973895	1
2	366	65.683108426585	0
2	392	71.847624983977	1
2	396	72.869002409685	2
2	398	73.051607390139	3
2	417	76.01533493134	2
2	431	76.521619841809	1
2	451	78.734774720198	2
2	459	80.057237883742	3
2	461	80.579181852746	4
2	465	81.692695917754	5
2	466	82.079405676822	4
2	471	82.265208262707	3
2	485	86.55429602135	2
2	504	91.731026475615	1
2	535	96.973083241933	0
3	17	8.239772737911	5.232296137202
3	24	9.499676164168	5.9497859121
3	35	12.357285146252	5.329684735062
3	45	12.962283266721	4.065043452682
3	55	15.344505705046	5.465079435271
3	61	16.127959425341	5.539608457645
3	66	16.400562492951	1.092888779405
3	71	16.409316426529	12.670058146765
3	78	17.155535020673	4.477218217318
3	85	18.059906908747	5.343760712857
3	99	21.173840553918	4.645314251303
3	107	23.180070429254	2.875868579387
3	119	23.96241267329	3.009528799074
3	124	24.017660931386	1.139514896518
3	129	24.280222568629	0.841389857305
3	139	25.207129187373	1.582031459402
3	144	25.29031011788	0.711290316545
3	149	25.521470712326	2.289753632889
3	160	28.125086360164	3.72664806543
3	166	28.79819115136	2.254703432111
3	172	28.96278191592	2.027946432488
3	176	29.119284850314	1.542251739332
3	186	29.754040871168	0.539680406675
3	196	32.910084175856	3.689893906453
3	201	33.289187587953	2.827364789853
3	209	33.82208263572	0.215748169925
3	217	34.645998756581	0.021968563556
3	224	36.394353428863	0.110452131387
3	231	39.386921480021	1.895531956584
3	238	41.185884364947	0.691656582084
3	248	44.921237744319	3.234250564092
3	255	45.564971507926	2.385448988483
3	259	45.93313009516	0.754605376449
3	267	47.409562634231	0.017308565146
3	275	49.556582755806	0.031682481189
3	284	54.07986463171	3.299491504707
3	294	54.395277226429	0.212868457474
3	298	54.649153823063	0.28028901583
3	308	56.416412274113	1.583314463715
3	317	56.965830917146	1.122632213338
3	329	58.040227691565	1.391128365825
3	334	58.088002849298	1.298919161765
3	341	58.588041988562	1.401862757192
3	350	60.770095498232	3.318542567821
3	355	62.080792812702	3.97373242731
3	360	63.957372823474	5.337908377595
3	368	65.683108426585	5.170919257575
3	372	66.513589134707	2.516815160812
3	381	70.235913685148	0.206735961083
3	403	73.793584315715	3.013306470963
3	409	74.571545989414	3.681472413687
3	414	75.612993650494	2.78725137434
3	419	76.01533493134	2.258378789758
3	428	76.404457712471	4.556832728494
3	433	76.521619841809	0.376931713595
3	442	77.023728252841	4.154725843156
3	447	78.137912478635	1.347067046874
3	457	79.958212935192	3.058737685026
3	468	82.079405676822	3.719404210499
3	473	82.265208262707	9.213600872568
3	480	82.600060456492	3.865285736294
3	487	86.55429602135	4.124647921291
3	494	87.416997049975	7.359759166233
3	501	90.191324494061	2.942924837907
3	506	91.731026475615	2.245233445414
3	516	93.591891955705	13.012710102959
3	526	95.855689605491	3.906978572436
3	531	95.95760196944	3.195093909645
3	537	96.973083241933	1.579888844466
3	541	97.224303293573	15.531607375819
3	553	99.680027239706	0.957612783328
4	17	8.239772737911	5.232296137202
4	24	9.499676164168	5.9497859121
4	35	12.357285146252	5.329684735062
4	45	12.962283266721	4.065043452682
4	55	15.344505705046	5.465079435271
4	61	16.127959425341	5.539608457645
4	66	16.400562492951	1.092888779405
4	107	23.180070429254	2.875868579387
4	119	23.96241267329	3.009528799074
4	124	24.017660931386	1.139514896518
4	129	24.280222568629	0.841389857305
4	139	25.207129187373	1.582031459402
4	144	25.29031011788	0.711290316545
4	166	28.79819115136	2.254703432111
4	172	28.96278191592	2.027946432488
4	186	29.754040871168	0.539680406675
4	196	32.910084175856	3.689893906453
4	201	33.289187587953	2.827364789853
4	209	33.82208263572	0.215748169925
4	217	34.645998756581	0.021968563556
4	224	36.394353428863	0.110452131387
4	231	39.386921480021	1.895531956584
4	238	41.185884364947	0.691656582084
4	248	44.921237744319	3.234250564092
4	255	45.564971507926	2.385448988483
4	259	45.93313009516	0.754605376449
4	267	47.409562634231	0.017308565146
4	294	54.395277226429	0.212868457474
4	308	56.416412274113	1.583314463715
4	317	56.965830917146	1.122632213338
4	329	58.040227691565	1.391128365825
4	334	58.088002849298	1.298919161765
4	341	58.588041988562	1.401862757192
4	350	60.770095498232	3.318542567821
4	355	62.080792812702	3.97373242731
4	360	63.957372823474	5.337908377595
4	368	65.683108426585	5.170919257575
4	381	70.235913685148	0.206735961083
4	409	74.571545989414	3.681472413687
4	414	75.612993650494	2.78725137434
4	419	76.01533493134	2.258378789758
4	433	76.521619841809	0.376931713595
4	447	78.137912478635	1.347067046874
4	457	79.958212935192	3.058737685026
4	468	82.079405676822	3.719404210499
4	487	86.55429602135	4.124647921291
4	501	90.191324494061	2.942924837907
4	506	91.731026475615	2.245233445414
4	526	95.855689605491	3.906978572436
4	531	95.95760196944	3.195093909645
4	537	96.973083241933	1.579888844466
4	553	99.680027239706	0.957612783328
5	71	16.409316426529	12.670058146765
5	78	17.155535020673	4.477218217318
5	85	18.059906908747	5.343760712857
5	99	21.173840553918	4.645314251303
5	149	25.521470712326	2.289753632889
5	160	28.125086360164	3.72664806543
5	176	29.119284850314	1.542251739332
5	275	49.556582755806	0.031682481189
5	284	54.07986463171	3.299491504707
5	298	54.649153823063	0.28028901583
5	372	66.513589134707	2.516815160812
5	403	73.793584315715	3.013306470963
5	428	76.404457712471	4.556832728494
5	442	77.023728252841	4.154725843156
5	473	82.265208262707	9.213600872568
5	480	82.600060456492	3.865285736294
5	494	87.416997049975	7.359759166233
5	516	93.591891955705	13.012710102959
5	541	97.224303293573	15.531607375819

