version 2
run First-n3-13-20191125-12:37:05-10844
attr configname First-n3
attr datetime 20191125-12:37:05
attr experiment First-n3
attr inifile omnetpp.ini
attr iterationvars ""
attr iterationvarsf ""
attr measurement ""
attr network org.omnetpp.queueing.Pizza
attr processid 10844
attr repetition 13
attr replication ""
attr resultdir results_no_transient
attr runnumber 13
attr seedset 13
param **.PS.maxInventoriedPS 3
param **.U1.interArrivalTime exponential(2s)
param **.U2.interArrivalTime exponential(4s)
param **.PS.serviceTimeForInventoryU1 exponential(0.8s)
param **.PS.serviceTimeForInventoryU2 exponential(1.0s)
param **.PS.serviceTimeDirectU1 exponential(1.2s)
param **.PS.serviceTimeDirectU2 exponential(1.4s)
param **.PS.probabilityProducing 0.5
param **.CS.serviceTimeU1 exponential(0.8s)
param **.CS.serviceTimeU2 exponential(1.0s)

vector 0 Pizza.EntryQueueU1 queueLength:vector ETV
attr interpolationmode sample-hold
attr title "queue length, vector"
vector 1 Pizza.CS queueLength:vector ETV
attr interpolationmode sample-hold
attr title "queue length, vector"
vector 2 Pizza.EntryQueueU2 queueLength:vector ETV
attr interpolationmode sample-hold
attr title "queue length, vector"
vector 3 Pizza.sink lifeTime:vector ETV
attr interpolationmode none
attr title "lifetime of arrived jobs, vector"
attr unit s
vector 4 Pizza.sink lifeTimeU1:vector ETV
attr interpolationmode none
attr title "lifetime of arrived jobs, vector"
attr unit s
vector 5 Pizza.sink lifeTimeU2:vector ETV
attr interpolationmode none
attr title "lifetime of arrived jobs, vector"
attr unit s
0	0	0	0
0	5	3.549890252068	1
0	13	7.02760041119	2
0	15	8.239772737911	1
0	19	8.897239814039	2
0	22	10.468585339221	1
0	27	10.794953247465	0
0	31	10.949525492161	1
0	33	11.070113878838	2
0	37	13.616263248131	3
0	42	14.537714294659	2
0	47	14.545280173166	1
0	53	14.892037447205	2
0	54	14.900229791973	1
0	58	15.289687625987	2
0	60	17.856214871272	3
0	62	18.347757670172	4
0	69	20.472174703988	3
0	76	21.267206880321	2
0	81	21.310633774278	1
0	88	22.419295435187	0
0	92	23.945017037464	1
0	94	24.383398815773	2
0	98	24.540873739076	3
0	101	25.285003192009	2
0	107	26.107382913681	3
0	114	28.313771126552	4
0	115	28.496812510215	3
0	122	29.098618328995	4
0	123	29.266917374476	3
0	128	30.195079796798	2
0	134	30.685197894034	1
0	141	30.880152602575	2
0	142	31.06676672338	1
0	147	31.329328360623	0
0	166	32.735557978339	1
0	167	33.65777722961	0
0	214	42.600278359336	1
0	216	43.982743110262	2
0	219	44.634274606773	1
0	226	44.997472964794	0
0	288	64.022053199231	1
0	290	64.454134598046	2
0	292	64.497406010912	3
0	294	64.66830405248	4
0	295	65.642840345006	3
0	304	66.482996435649	2
0	309	67.182996684738	1
0	314	67.443272301315	0
0	336	72.368837497747	1
0	338	72.839731063889	2
0	340	73.236826607726	3
0	345	73.986561611771	4
0	346	74.027144875121	3
0	351	74.261996812971	2
0	356	74.309771970704	1
0	360	74.874804423683	2
0	366	76.124902271842	3
0	370	77.153685795645	2
0	375	77.164316615216	1
0	379	80.991567642017	2
0	382	81.451454168296	1
0	388	81.970482153672	0
0	405	84.527470243853	1
0	406	84.732476600481	0
0	439	92.635119282338	1
0	441	93.639336104402	2
0	442	93.68844405153	1
0	448	93.747965922807	2
0	449	94.385188824136	1
0	455	94.950485013854	0
0	475	96.762290163196	1
0	477	97.75810416837	2
1	0	0	0
2	0	0	0
2	7	3.739258279764	1
2	35	12.678316803355	2
2	68	20.459664487847	3
2	75	20.728861160688	4
2	87	22.091876498738	5
2	100	25.076750875315	6
2	112	27.924132108807	7
2	153	32.256234979367	6
2	158	32.404718803697	5
2	174	34.569587222035	4
2	182	35.171536650176	5
2	183	35.382942496869	4
2	188	35.902673473293	3
2	193	36.059176407687	2
2	198	36.271033956006	1
2	203	37.873097512799	0
2	250	54.424939778979	1
2	251	54.43340855118	0
2	301	66.188853937104	1
2	303	66.315583861859	2
2	320	69.481070022652	3
2	321	70.542010173468	2
2	326	71.300387719721	1
2	332	71.834566305174	0
2	362	75.634808312785	1
2	368	76.65961643376	2
2	393	82.314840494337	1
2	398	82.424647737085	0
3	17	8.239772737911	5.232296137202
3	24	10.468585339221	6.918695087153
3	29	10.794953247465	3.767352836275
3	44	14.537714294659	5.64047448062
3	49	14.545280173166	3.595754681005
3	56	14.900229791973	3.830115913135
3	71	20.472174703988	6.855911455857
3	78	21.267206880321	6.375169433116
3	83	21.310633774278	6.020946148291
3	90	22.419295435187	4.563080563915
3	103	25.285003192009	6.937245521837
3	117	28.496812510215	4.551795472751
3	125	29.266917374476	4.883518558703
3	130	30.195079796798	5.654206057722
3	136	30.685197894034	4.577814980353
3	144	31.06676672338	2.752995596828
3	149	31.329328360623	2.230710031628
3	155	32.256234979367	1.376082376792
3	160	32.404718803697	28.665460523933
3	169	33.65777722961	20.979460426255
3	176	34.569587222035	1.834029243696
3	185	35.382942496869	14.923278009022
3	190	35.902673473293	15.173812312605
3	195	36.059176407687	13.967299908949
3	200	36.271033956006	11.194283080691
3	205	37.873097512799	9.948965403992
3	209	39.62846033698	4.456923686804
3	221	44.634274606773	2.139692678791
3	228	44.997472964794	2.397194605458
3	232	45.114750853837	1.132007743575
3	241	51.24927668716	0.443754864845
3	253	54.43340855118	1.143587579414
3	257	54.626665510042	0.201725731063
3	264	55.199692854965	0.332728542495
3	273	59.624876863878	1.861486026058
3	280	61.877148359855	0.115753123498
3	297	65.642840345006	2.716061879948
3	306	66.482996435649	2.460943236418
3	311	67.182996684738	2.728862086692
3	316	67.443272301315	2.945866290403
3	323	70.542010173468	5.873706120988
3	328	71.300387719721	5.111533782617
3	334	71.834566305174	5.518982443315
3	348	74.027144875121	4.546074852469
3	353	74.261996812971	1.893159315224
3	358	74.309771970704	1.470040906815
3	372	77.153685795645	3.916859187919
3	377	77.164316615216	3.177755003445
3	384	81.451454168296	6.576649744613
3	390	81.970482153672	5.84557988183
3	395	82.314840494337	1.32327285232
3	400	82.424647737085	6.7898394243
3	408	84.732476600481	8.072860166721
3	412	86.423233491916	1.895763248063
3	420	88.673739809958	2.210600865678
3	427	89.707063890156	0.402341280846
3	444	93.68844405153	1.780102289521
3	451	94.385188824136	1.750069541798
3	457	94.950485013854	1.311148909452
3	461	95.320211004427	1.57224508162
3	468	95.82407953612	0.130485992251
4	17	8.239772737911	5.232296137202
4	24	10.468585339221	6.918695087153
4	29	10.794953247465	3.767352836275
4	44	14.537714294659	5.64047448062
4	49	14.545280173166	3.595754681005
4	56	14.900229791973	3.830115913135
4	71	20.472174703988	6.855911455857
4	78	21.267206880321	6.375169433116
4	83	21.310633774278	6.020946148291
4	90	22.419295435187	4.563080563915
4	103	25.285003192009	6.937245521837
4	117	28.496812510215	4.551795472751
4	125	29.266917374476	4.883518558703
4	130	30.195079796798	5.654206057722
4	136	30.685197894034	4.577814980353
4	144	31.06676672338	2.752995596828
4	149	31.329328360623	2.230710031628
4	155	32.256234979367	1.376082376792
4	176	34.569587222035	1.834029243696
4	228	44.997472964794	2.397194605458
4	232	45.114750853837	1.132007743575
4	253	54.43340855118	1.143587579414
4	264	55.199692854965	0.332728542495
4	297	65.642840345006	2.716061879948
4	306	66.482996435649	2.460943236418
4	311	67.182996684738	2.728862086692
4	316	67.443272301315	2.945866290403
4	323	70.542010173468	5.873706120988
4	353	74.261996812971	1.893159315224
4	358	74.309771970704	1.470040906815
4	372	77.153685795645	3.916859187919
4	377	77.164316615216	3.177755003445
4	384	81.451454168296	6.576649744613
4	390	81.970482153672	5.84557988183
4	395	82.314840494337	1.32327285232
4	412	86.423233491916	1.895763248063
4	420	88.673739809958	2.210600865678
4	427	89.707063890156	0.402341280846
4	444	93.68844405153	1.780102289521
4	451	94.385188824136	1.750069541798
4	457	94.950485013854	1.311148909452
4	461	95.320211004427	1.57224508162
5	160	32.404718803697	28.665460523933
5	169	33.65777722961	20.979460426255
5	185	35.382942496869	14.923278009022
5	190	35.902673473293	15.173812312605
5	195	36.059176407687	13.967299908949
5	200	36.271033956006	11.194283080691
5	205	37.873097512799	9.948965403992
5	209	39.62846033698	4.456923686804
5	221	44.634274606773	2.139692678791
5	241	51.24927668716	0.443754864845
5	257	54.626665510042	0.201725731063
5	273	59.624876863878	1.861486026058
5	280	61.877148359855	0.115753123498
5	328	71.300387719721	5.111533782617
5	334	71.834566305174	5.518982443315
5	348	74.027144875121	4.546074852469
5	400	82.424647737085	6.7898394243
5	408	84.732476600481	8.072860166721
5	468	95.82407953612	0.130485992251

