version 2
run First-n3-7-20191125-12:36:56-11020
attr configname First-n3
attr datetime 20191125-12:36:56
attr experiment First-n3
attr inifile omnetpp.ini
attr iterationvars ""
attr iterationvarsf ""
attr measurement ""
attr network org.omnetpp.queueing.Pizza
attr processid 11020
attr repetition 7
attr replication ""
attr resultdir results_no_transient
attr runnumber 7
attr seedset 7
param **.PS.maxInventoriedPS 3
param **.U1.interArrivalTime exponential(2s)
param **.U2.interArrivalTime exponential(4s)
param **.PS.serviceTimeForInventoryU1 exponential(0.8s)
param **.PS.serviceTimeForInventoryU2 exponential(1.0s)
param **.PS.serviceTimeDirectU1 exponential(1.2s)
param **.PS.serviceTimeDirectU2 exponential(1.4s)
param **.PS.probabilityProducing 0.5
param **.CS.serviceTimeU1 exponential(0.8s)
param **.CS.serviceTimeU2 exponential(1.0s)

vector 0 Pizza.EntryQueueU1 queueLength:vector ETV
attr interpolationmode sample-hold
attr title "queue length, vector"
vector 1 Pizza.CS queueLength:vector ETV
attr interpolationmode sample-hold
attr title "queue length, vector"
vector 2 Pizza.EntryQueueU2 queueLength:vector ETV
attr interpolationmode sample-hold
attr title "queue length, vector"
vector 3 Pizza.sink lifeTime:vector ETV
attr interpolationmode none
attr title "lifetime of arrived jobs, vector"
attr unit s
vector 4 Pizza.sink lifeTimeU1:vector ETV
attr interpolationmode none
attr title "lifetime of arrived jobs, vector"
attr unit s
vector 5 Pizza.sink lifeTimeU2:vector ETV
attr interpolationmode none
attr title "lifetime of arrived jobs, vector"
attr unit s
0	0	0	0
0	12	3.186271203354	1
0	16	3.922646749257	2
0	18	4.535346124087	3
0	20	5.926127373993	4
0	22	6.107604223705	5
0	24	6.257161520631	6
0	30	7.344452251714	7
0	32	7.741080339274	6
0	42	8.140385499458	5
0	47	8.332398939077	4
0	53	9.61851404012	5
0	55	10.227719621579	6
0	57	10.278148534068	7
0	59	10.983238070839	6
0	64	11.192644628015	5
0	73	13.056848400218	6
0	74	13.340759820876	5
0	81	14.539056613882	6
0	83	14.750831197976	7
0	84	14.807977375928	6
0	88	15.20927791945	7
0	94	16.558972778663	8
0	97	18.01560272238	7
0	103	18.695678097906	6
0	109	19.178093592448	5
0	115	20.035045702229	4
0	121	20.198278473957	5
0	122	20.526652001168	4
0	127	20.96072140832	3
0	133	21.334277713711	4
0	134	22.855900190596	3
0	139	23.380429980644	2
0	147	24.489865518692	3
0	149	24.843952780351	2
0	154	25.259575570062	1
0	159	25.338728946479	0
0	167	26.629753770717	1
0	168	27.251081157992	0
0	174	28.937764370818	1
0	178	30.282191472359	2
0	179	31.169831470072	1
0	185	32.073188156425	0
0	229	36.440045888939	1
0	230	36.531498433868	0
0	241	36.801894311294	1
0	245	38.261386520627	0
0	260	40.853370555217	1
0	263	42.806437388393	0
0	283	45.023030254235	1
0	285	45.166563831307	2
0	286	45.610076710567	1
0	293	46.536989537942	2
0	294	46.95066516113	1
0	300	47.653190319506	2
0	302	48.021581125761	1
0	307	49.16499312888	0
0	326	50.372481173926	1
0	330	51.600868834391	0
0	342	52.244298775417	1
0	344	52.528518329321	2
0	346	52.580097419148	1
0	354	54.825962035843	0
0	369	55.728299679575	1
0	375	56.955969287778	0
0	381	57.20706352997	1
0	382	60.287734641533	0
0	394	62.004869319136	1
0	395	62.871430661351	0
0	428	69.505669643937	1
0	430	69.637142328727	2
0	431	70.2280149665	1
0	436	70.441083468846	0
0	456	72.146463586554	1
0	457	72.42924068091	0
0	488	79.676696632486	1
0	489	79.745744373394	0
0	554	92.96830725472	1
0	557	94.51402146258	0
0	572	96.489917196849	1
0	573	96.773064522372	0
0	599	99.926840665127	1
1	0	0	0
2	0	0	0
2	7	1.031659898738	1
2	8	1.648071280365	0
2	14	3.463833041628	1
2	26	6.556890160398	2
2	38	7.807188770871	3
2	40	8.080031528368	4
2	70	12.567519483451	5
2	143	23.666160573974	6
2	165	26.470516266565	7
2	176	29.442771175455	8
2	190	32.287617633726	7
2	195	32.442668067627	6
2	203	34.037098304527	7
2	204	34.329183686618	6
2	212	35.089662821444	5
2	217	35.604477203365	4
2	222	36.025365430053	3
2	235	36.770174319785	2
2	252	40.007728798349	1
2	262	41.404513313688	2
2	269	43.323088809978	1
2	275	43.354927236461	2
2	277	44.586253487516	1
2	312	49.170728258559	0
2	328	50.726203106519	1
2	335	51.710577170912	0
2	350	52.793903687995	1
2	360	54.961907218681	2
2	362	55.09892418414	3
2	363	55.361659586494	2
2	371	56.095743376637	3
2	387	60.463786166968	2
2	400	65.258705034248	1
2	405	65.755616772241	0
2	440	70.873672748946	1
2	443	71.399508158886	0
2	552	92.623528921407	1
2	556	93.550657653854	2
2	562	95.018634103574	1
2	570	96.135721992871	2
2	579	97.1587399273	1
2	585	97.931852459186	0
2	592	98.922792016164	1
2	593	99.297652958264	0
3	10	1.648071280365	1.489317457428
3	34	7.741080339274	6.709420440536
3	44	8.140385499458	4.954114296104
3	49	8.332398939077	4.40975218982
3	61	10.983238070839	6.447891946752
3	66	11.192644628015	5.266517254022
3	76	13.340759820876	7.233155597171
3	86	14.807977375928	8.550815855297
3	99	18.01560272238	10.671150470666
3	105	18.695678097906	9.077164057786
3	111	19.178093592448	8.950373970869
3	117	20.035045702229	9.756897168161
3	124	20.526652001168	7.46980360095
3	129	20.96072140832	6.421664794438
3	136	22.855900190596	8.10506899262
3	141	23.380429980644	8.171152061194
3	151	24.843952780351	8.284980001688
3	156	25.259575570062	5.061297096105
3	161	25.338728946479	4.004451232768
3	170	27.251081157992	2.7612156393
3	181	31.169831470072	4.540077699355
3	187	32.073188156425	3.135423785607
3	192	32.287617633726	2.005426161367
3	197	32.442668067627	28.978835025999
3	206	34.329183686618	27.77229352622
3	214	35.089662821444	27.282474050573
3	219	35.604477203365	27.524445674997
3	224	36.025365430053	23.457845946602
3	232	36.531498433868	12.865337859894
3	237	36.770174319785	0.330128430846
3	247	38.261386520627	11.790870254062
3	254	40.007728798349	3.205834487055
3	265	42.806437388393	13.363666212938
3	271	43.323088809978	2.469718254761
3	279	44.586253487516	10.549155182989
3	288	45.610076710567	4.205563396879
3	296	46.95066516113	1.927634906895
3	304	48.021581125761	2.855017294454
3	309	49.16499312888	2.628003590938
3	314	49.170728258559	1.517537939053
3	319	49.668311214788	6.313383978327
3	332	51.600868834391	1.342585793454
3	337	51.710577170912	1.338095996986
3	348	52.580097419148	1.853894312629
3	356	54.825962035843	2.581663260426
3	365	55.361659586494	2.833141257173
3	377	56.955969287778	4.162065599783
3	384	60.287734641533	4.559434961958
3	389	60.463786166968	3.256722636998
3	397	62.871430661351	7.90952344267
3	402	65.258705034248	3.253835715112
3	407	65.755616772241	10.656692588101
3	411	66.553489391855	10.457746015218
3	420	69.285955796724	0.713218263787
3	433	70.2280149665	0.813943745434
3	438	70.441083468846	0.935413824909
3	445	71.399508158886	1.762365830159
3	449	71.544037475696	0.67036472675
3	459	72.42924068091	0.767450059018
3	463	72.698188067871	0.551724481317
3	471	75.624806657432	1.775730585425
3	480	77.48775291997	0.431708806071
3	491	79.745744373394	1.950290426222
3	495	80.00546422455	0.328767592064
3	505	83.200513937857	0.240602681721
3	515	84.058558516303	0.43316470792
3	523	87.159636618993	0.840919028359
3	530	88.725351377592	0.934465514575
3	537	89.38773148017	0.171057916088
3	544	89.946198392167	0.380336061434
3	559	94.51402146258	2.007778013778
3	564	95.018634103574	2.050326848854
3	575	96.773064522372	4.149535600965
3	581	97.1587399273	0.668822730451
3	587	97.931852459186	4.381194805332
3	595	99.297652958264	3.161930965393
4	10	1.648071280365	1.489317457428
4	44	8.140385499458	4.954114296104
4	49	8.332398939077	4.40975218982
4	61	10.983238070839	6.447891946752
4	66	11.192644628015	5.266517254022
4	76	13.340759820876	7.233155597171
4	86	14.807977375928	8.550815855297
4	99	18.01560272238	10.671150470666
4	105	18.695678097906	9.077164057786
4	111	19.178093592448	8.950373970869
4	117	20.035045702229	9.756897168161
4	124	20.526652001168	7.46980360095
4	129	20.96072140832	6.421664794438
4	136	22.855900190596	8.10506899262
4	141	23.380429980644	8.171152061194
4	151	24.843952780351	8.284980001688
4	156	25.259575570062	5.061297096105
4	161	25.338728946479	4.004451232768
4	170	27.251081157992	2.7612156393
4	181	31.169831470072	4.540077699355
4	187	32.073188156425	3.135423785607
4	192	32.287617633726	2.005426161367
4	237	36.770174319785	0.330128430846
4	254	40.007728798349	3.205834487055
4	271	43.323088809978	2.469718254761
4	296	46.95066516113	1.927634906895
4	304	48.021581125761	2.855017294454
4	309	49.16499312888	2.628003590938
4	314	49.170728258559	1.517537939053
4	332	51.600868834391	1.342585793454
4	337	51.710577170912	1.338095996986
4	356	54.825962035843	2.581663260426
4	365	55.361659586494	2.833141257173
4	384	60.287734641533	4.559434961958
4	389	60.463786166968	3.256722636998
4	402	65.258705034248	3.253835715112
4	420	69.285955796724	0.713218263787
4	433	70.2280149665	0.813943745434
4	438	70.441083468846	0.935413824909
4	445	71.399508158886	1.762365830159
4	459	72.42924068091	0.767450059018
4	463	72.698188067871	0.551724481317
4	491	79.745744373394	1.950290426222
4	495	80.00546422455	0.328767592064
4	515	84.058558516303	0.43316470792
4	523	87.159636618993	0.840919028359
4	530	88.725351377592	0.934465514575
4	537	89.38773148017	0.171057916088
4	544	89.946198392167	0.380336061434
4	559	94.51402146258	2.007778013778
4	564	95.018634103574	2.050326848854
4	581	97.1587399273	0.668822730451
5	34	7.741080339274	6.709420440536
5	197	32.442668067627	28.978835025999
5	206	34.329183686618	27.77229352622
5	214	35.089662821444	27.282474050573
5	219	35.604477203365	27.524445674997
5	224	36.025365430053	23.457845946602
5	232	36.531498433868	12.865337859894
5	247	38.261386520627	11.790870254062
5	265	42.806437388393	13.363666212938
5	279	44.586253487516	10.549155182989
5	288	45.610076710567	4.205563396879
5	319	49.668311214788	6.313383978327
5	348	52.580097419148	1.853894312629
5	377	56.955969287778	4.162065599783
5	397	62.871430661351	7.90952344267
5	407	65.755616772241	10.656692588101
5	411	66.553489391855	10.457746015218
5	449	71.544037475696	0.67036472675
5	471	75.624806657432	1.775730585425
5	480	77.48775291997	0.431708806071
5	505	83.200513937857	0.240602681721
5	575	96.773064522372	4.149535600965
5	587	97.931852459186	4.381194805332
5	595	99.297652958264	3.161930965393

