version 2
run First-n3-17-20191125-12:37:12-3748
attr configname First-n3
attr datetime 20191125-12:37:12
attr experiment First-n3
attr inifile omnetpp.ini
attr iterationvars ""
attr iterationvarsf ""
attr measurement ""
attr network org.omnetpp.queueing.Pizza
attr processid 3748
attr repetition 17
attr replication ""
attr resultdir results_no_transient
attr runnumber 17
attr seedset 17
param **.PS.maxInventoriedPS 3
param **.U1.interArrivalTime exponential(2s)
param **.U2.interArrivalTime exponential(4s)
param **.PS.serviceTimeForInventoryU1 exponential(0.8s)
param **.PS.serviceTimeForInventoryU2 exponential(1.0s)
param **.PS.serviceTimeDirectU1 exponential(1.2s)
param **.PS.serviceTimeDirectU2 exponential(1.4s)
param **.PS.probabilityProducing 0.5
param **.CS.serviceTimeU1 exponential(0.8s)
param **.CS.serviceTimeU2 exponential(1.0s)

vector 0 Pizza.EntryQueueU1 queueLength:vector ETV
attr interpolationmode sample-hold
attr title "queue length, vector"
vector 1 Pizza.CS queueLength:vector ETV
attr interpolationmode sample-hold
attr title "queue length, vector"
vector 2 Pizza.EntryQueueU2 queueLength:vector ETV
attr interpolationmode sample-hold
attr title "queue length, vector"
vector 3 Pizza.sink lifeTime:vector ETV
attr interpolationmode none
attr title "lifetime of arrived jobs, vector"
attr unit s
vector 4 Pizza.sink lifeTimeU1:vector ETV
attr interpolationmode none
attr title "lifetime of arrived jobs, vector"
attr unit s
vector 5 Pizza.sink lifeTimeU2:vector ETV
attr interpolationmode none
attr title "lifetime of arrived jobs, vector"
attr unit s
0	0	0	0
0	9	2.210708385975	1
0	11	2.351339497469	2
0	15	3.783911004085	1
0	20	4.113174257508	0
0	24	5.639619000026	1
0	28	6.525372369066	2
0	30	6.649218235706	3
0	31	7.557453343831	2
0	35	8.339100524735	3
0	37	8.408931952725	4
0	45	10.486816781568	3
0	50	10.752947124029	2
0	56	11.413829180197	1
0	67	12.6048033868	2
0	68	12.657412962581	1
0	74	13.670197051832	0
0	98	14.792850437338	1
0	99	14.925397614053	0
0	110	16.352667502183	1
0	111	17.568768196972	0
0	127	19.743627237732	1
0	133	22.501725515512	0
0	146	23.35997210925	1
0	147	23.572869007363	0
0	159	24.789329991469	1
0	163	27.954462367604	0
0	230	44.24519285845	1
0	232	44.377745490977	2
0	235	44.760559968431	1
0	240	44.898497518948	0
0	282	52.532540743926	1
0	287	52.826646947623	2
0	289	53.359393012534	1
0	294	53.656828067772	0
0	301	54.222028350083	1
0	302	54.302623437883	0
0	338	62.0640423945	1
0	342	63.382905105903	2
0	343	63.603862147588	1
0	348	64.01730222258	0
0	359	64.939215091232	1
0	361	66.09553087141	2
0	363	66.513480193768	3
0	366	71.888876016074	2
0	371	71.962656166217	1
0	375	72.103517731744	2
0	381	74.806135170496	3
0	386	75.352365756144	2
0	392	76.772447820125	1
0	396	78.172077870834	2
0	400	78.514151700066	3
0	403	79.049967876934	4
0	405	79.103179367452	5
0	411	79.997655794218	6
0	414	80.480568755917	7
0	415	80.508518076942	6
0	420	80.652336661943	5
0	426	81.245175634078	6
0	428	81.360214844911	7
0	430	81.767862392863	8
0	431	81.808145710429	7
0	436	81.82117033612	6
0	440	82.297018927011	7
0	446	84.141930144642	6
0	452	84.7148754816	5
0	456	84.763874786134	6
0	460	85.873280735652	7
0	462	86.998321980823	8
0	465	87.750688437798	7
0	470	88.473883455818	6
0	475	89.180200436399	5
0	479	92.487762079486	6
0	482	94.37914753902	5
0	489	95.686313212615	6
0	491	95.910666041858	7
0	493	96.046876127183	8
0	494	96.060288967865	7
0	499	96.375337670469	6
0	503	96.505472646348	7
0	509	97.898213334454	8
0	510	98.128459896984	7
0	514	98.503152262374	8
0	517	99.347898909996	7
0	522	99.871290673523	6
1	0	0	0
2	0	0	0
2	5	0.802485226615	1
2	7	1.652886462415	2
2	44	10.440918691762	3
2	63	11.865528045919	4
2	80	13.847486707137	3
2	86	13.93961606052	4
2	87	14.686795844245	3
2	92	14.752283049143	2
2	104	15.026276663815	1
2	116	17.625087912471	0
2	120	17.743310124075	1
2	123	18.53877464596	0
2	228	43.80429958851	1
2	234	44.497610000793	2
2	245	45.520464553494	1
2	251	46.37286526208	0
2	257	46.916232321956	1
2	259	48.255659029756	0
2	285	52.786988916937	1
2	310	55.678984974694	2
2	311	56.123278838681	1
2	317	57.202820841546	0
2	340	62.810443810114	1
2	353	64.047438082649	0
2	357	64.773067852315	1
2	377	73.536189717184	2
2	379	74.794382986065	3
2	383	74.96340466136	4
2	408	79.557043800954	5
2	442	82.817918350824	6
2	458	85.434004764275	7
2	505	97.141707579488	8
3	17	3.783911004085	3.085746166951
3	22	4.113174257508	1.902465871533
3	33	7.557453343831	5.206113846362
3	47	10.486816781568	4.847197781542
3	52	10.752947124029	4.227574754963
3	58	11.413829180197	4.764610944491
3	70	12.657412962581	4.318312437846
3	76	13.670197051832	5.261265099107
3	82	13.847486707137	1.242683320337
3	89	14.686795844245	13.88431061763
3	94	14.752283049143	13.099396586728
3	101	14.925397614053	4.484478922291
3	106	15.026276663815	0.233426226477
3	113	17.568768196972	5.703240151053
3	118	17.625087912471	1.272420410288
3	125	18.53877464596	4.59915858544
3	135	22.501725515512	4.758415391437
3	139	22.712237437575	2.968610199843
3	149	23.572869007363	0.272077916671
3	153	23.907255517238	0.547283407988
3	165	27.954462367604	3.444643600084
3	172	30.423651077942	5.634321086473
3	180	31.138625718356	0.440251119387
3	187	33.988246867582	0.880057559542
3	196	36.329321418017	0.297453886779
3	205	38.529460637448	0.398801787282
3	213	40.490927348017	1.180571712424
3	221	43.200875547968	2.555165292005
3	237	44.760559968431	1.039836554447
3	242	44.898497518948	0.653304660498
3	247	45.520464553494	1.142719062517
3	253	46.37286526208	2.56856567357
3	261	48.255659029756	3.758049028963
3	265	49.229062927598	2.312830605642
3	275	51.539059628442	1.248574175572
3	291	53.359393012534	1.093128177765
3	296	53.656828067772	1.124287323846
3	304	54.302623437883	1.47597649026
3	313	56.123278838681	1.901250488598
3	319	57.202820841546	4.415831924609
3	323	57.342100164327	1.663115189633
3	330	58.666361722213	0.178806513872
3	345	63.603862147588	2.720082149258
3	350	64.01730222258	1.95325982808
3	355	64.047438082649	0.664532976746
3	368	71.888876016074	9.07843220596
3	373	71.962656166217	7.023441074985
3	388	75.352365756144	9.256834884734
3	394	76.772447820125	10.258967626357
3	417	80.508518076942	8.405000345198
3	422	80.652336661943	5.846201491447
3	433	81.808145710429	3.636067839595
3	438	81.82117033612	3.307018636054
3	448	84.141930144642	5.091962267708
3	454	84.7148754816	5.611696114148
3	467	87.750688437798	7.75303264358
3	472	88.473883455818	7.993314699901
3	477	89.180200436399	7.935024802321
3	484	94.37914753902	13.018932694109
3	496	96.060288967865	14.292426575002
3	501	96.375337670469	14.078318743458
3	512	98.128459896984	13.36458511085
3	519	99.347898909996	13.474618174344
3	524	99.871290673523	12.8729686927
4	17	3.783911004085	3.085746166951
4	22	4.113174257508	1.902465871533
4	33	7.557453343831	5.206113846362
4	47	10.486816781568	4.847197781542
4	52	10.752947124029	4.227574754963
4	58	11.413829180197	4.764610944491
4	70	12.657412962581	4.318312437846
4	76	13.670197051832	5.261265099107
4	82	13.847486707137	1.242683320337
4	106	15.026276663815	0.233426226477
4	118	17.625087912471	1.272420410288
4	139	22.712237437575	2.968610199843
4	149	23.572869007363	0.272077916671
4	153	23.907255517238	0.547283407988
4	165	27.954462367604	3.444643600084
4	172	30.423651077942	5.634321086473
4	187	33.988246867582	0.880057559542
4	196	36.329321418017	0.297453886779
4	205	38.529460637448	0.398801787282
4	221	43.200875547968	2.555165292005
4	237	44.760559968431	1.039836554447
4	242	44.898497518948	0.653304660498
4	247	45.520464553494	1.142719062517
4	291	53.359393012534	1.093128177765
4	296	53.656828067772	1.124287323846
4	304	54.302623437883	1.47597649026
4	313	56.123278838681	1.901250488598
4	345	63.603862147588	2.720082149258
4	350	64.01730222258	1.95325982808
4	355	64.047438082649	0.664532976746
4	373	71.962656166217	7.023441074985
4	388	75.352365756144	9.256834884734
4	394	76.772447820125	10.258967626357
4	417	80.508518076942	8.405000345198
4	422	80.652336661943	5.846201491447
4	433	81.808145710429	3.636067839595
4	438	81.82117033612	3.307018636054
4	448	84.141930144642	5.091962267708
4	454	84.7148754816	5.611696114148
4	467	87.750688437798	7.75303264358
4	472	88.473883455818	7.993314699901
4	477	89.180200436399	7.935024802321
4	484	94.37914753902	13.018932694109
4	496	96.060288967865	14.292426575002
4	501	96.375337670469	14.078318743458
4	512	98.128459896984	13.36458511085
4	519	99.347898909996	13.474618174344
4	524	99.871290673523	12.8729686927
5	89	14.686795844245	13.88431061763
5	94	14.752283049143	13.099396586728
5	101	14.925397614053	4.484478922291
5	113	17.568768196972	5.703240151053
5	125	18.53877464596	4.59915858544
5	135	22.501725515512	4.758415391437
5	180	31.138625718356	0.440251119387
5	213	40.490927348017	1.180571712424
5	253	46.37286526208	2.56856567357
5	261	48.255659029756	3.758049028963
5	265	49.229062927598	2.312830605642
5	275	51.539059628442	1.248574175572
5	319	57.202820841546	4.415831924609
5	323	57.342100164327	1.663115189633
5	330	58.666361722213	0.178806513872
5	368	71.888876016074	9.07843220596

