version 2
run First-n4-8-20191125-12:36:57-8040
attr configname First-n4
attr datetime 20191125-12:36:57
attr experiment First-n4
attr inifile omnetpp.ini
attr iterationvars ""
attr iterationvarsf ""
attr measurement ""
attr network org.omnetpp.queueing.Pizza
attr processid 8040
attr repetition 8
attr replication ""
attr resultdir results_no_transient
attr runnumber 8
attr seedset 8
param **.PS.maxInventoriedPS 4
param **.U1.interArrivalTime exponential(2s)
param **.U2.interArrivalTime exponential(4s)
param **.PS.serviceTimeForInventoryU1 exponential(0.8s)
param **.PS.serviceTimeForInventoryU2 exponential(1.0s)
param **.PS.serviceTimeDirectU1 exponential(1.2s)
param **.PS.serviceTimeDirectU2 exponential(1.4s)
param **.PS.probabilityProducing 0.5
param **.CS.serviceTimeU1 exponential(0.8s)
param **.CS.serviceTimeU2 exponential(1.0s)

vector 0 Pizza.EntryQueueU1 queueLength:vector ETV
attr interpolationmode sample-hold
attr title "queue length, vector"
vector 1 Pizza.CS queueLength:vector ETV
attr interpolationmode sample-hold
attr title "queue length, vector"
vector 2 Pizza.EntryQueueU2 queueLength:vector ETV
attr interpolationmode sample-hold
attr title "queue length, vector"
vector 3 Pizza.sink lifeTime:vector ETV
attr interpolationmode none
attr title "lifetime of arrived jobs, vector"
attr unit s
vector 4 Pizza.sink lifeTimeU2:vector ETV
attr interpolationmode none
attr title "lifetime of arrived jobs, vector"
attr unit s
vector 5 Pizza.sink lifeTimeU1:vector ETV
attr interpolationmode none
attr title "lifetime of arrived jobs, vector"
attr unit s
0	0	0	0
0	27	5.752464476061	1
0	28	6.402850259738	0
0	68	15.21280027169	1
0	70	16.654362377124	2
0	71	17.026918607035	1
0	77	17.502012461903	2
0	79	17.761563896092	3
0	81	17.819869694543	4
0	85	18.628715807673	5
0	87	19.270379411129	6
0	91	20.229546592215	7
0	92	20.37342991778	6
0	97	22.608367523989	5
0	102	22.735176758475	4
0	106	23.118751018316	5
0	108	23.3603995707	6
0	116	23.990220394004	7
0	117	24.70672839218	6
0	123	25.295297698922	7
0	124	25.532479203319	6
0	128	25.592325099629	7
0	135	27.915049145051	8
0	136	27.923774742328	7
0	142	28.428477678876	8
0	143	28.598830988892	7
0	150	29.435280494761	6
0	157	30.18244726036	7
0	158	30.917464955114	6
0	163	31.002097260879	5
0	168	31.638218346381	4
0	172	31.718810813005	5
0	174	33.689196995243	6
0	179	35.731930076699	5
0	186	37.231207233931	4
0	191	38.551760144679	3
0	197	39.024439745644	2
0	202	39.188961364908	1
0	206	39.429800727685	2
0	212	40.938592332804	3
0	216	43.676749867694	4
0	220	44.40845763011	5
0	222	45.444814356744	6
0	223	45.689698032303	5
0	227	46.813478851104	6
0	229	47.063514077916	7
0	232	48.746894973834	6
0	238	48.832760772348	7
0	239	48.876996324105	6
0	246	49.512777491173	5
0	250	52.377399995828	6
0	254	52.832229739454	7
0	256	53.206048398595	6
0	262	53.954582457052	5
0	268	54.124009048732	6
0	269	54.554665904567	5
0	273	55.624391782471	6
0	276	56.11993291869	5
0	281	57.129745776781	4
0	289	59.775275264765	3
0	294	59.964032004613	2
0	301	60.949926639462	1
0	306	61.04398659581	0
0	310	61.224858969968	1
0	313	62.163626501297	0
0	319	66.268810475913	1
0	321	66.783966374651	2
0	324	67.519479138333	1
0	328	67.607036266425	2
0	331	70.385962555744	1
0	337	72.465929406746	2
0	338	73.140550367422	1
0	344	75.09624854065	2
0	348	76.072316901406	3
0	351	76.38686017609	2
0	355	76.427637931494	3
0	360	78.263762275792	2
0	366	79.879912220747	1
0	371	80.48272686255	0
0	407	85.436286612501	1
0	409	85.535154082311	2
0	410	85.882874247849	1
0	416	86.533817210767	0
0	433	87.124648922301	1
0	435	88.378245902199	2
0	440	88.675046674431	3
0	441	88.711388080232	2
0	447	89.657648698784	1
0	453	90.178113143944	0
0	470	91.736029123986	1
0	472	92.210678071585	0
0	478	93.25386100006	1
0	479	93.392532346935	0
0	513	98.607412872252	1
1	0	0	0
2	0	0	0
2	83	18.395418076199	1
2	89	20.128930839474	2
2	112	23.508020596023	3
2	114	23.771532677898	4
2	133	27.838616588994	5
2	176	34.0844954424	6
2	185	36.854971562878	7
2	208	39.713112302406	8
2	210	40.211965724895	9
2	218	43.868001565752	10
2	245	49.361224270428	11
2	285	57.408705178211	12
2	300	60.713439483928	13
2	317	62.871890764353	14
2	342	74.864249855324	15
2	346	75.266309467781	16
2	359	78.043750010182	17
2	377	81.255731341639	18
2	378	81.901072382665	17
2	384	82.466823384969	16
2	389	82.641532421415	15
2	397	83.780016086129	14
2	421	86.683271691504	13
2	427	87.038594328941	12
2	437	88.427948723547	13
2	458	90.183899143672	12
2	464	91.414566570936	11
2	484	93.70814897982	10
2	490	93.994916614902	11
2	492	94.188440934395	10
2	500	96.070033470392	9
2	506	96.581680632777	10
2	507	97.066800366054	9
2	515	98.682361704438	10
3	10	1.184731110871	1.140024451117
3	20	4.782296009195	0.648385907893
3	30	6.402850259738	0.967263095015
3	34	8.385376594734	2.632912118673
3	41	8.912938203001	0.29876394752
3	51	10.745210186284	0.197540350679
3	60	14.269745660026	0.388800922783
3	73	17.026918607035	2.32330922343
3	94	20.37342991778	5.16062964609
3	99	22.608367523989	5.954005146865
3	104	22.735176758475	5.233164296572
3	119	24.70672839218	6.945164496088
3	126	25.532479203319	7.712609508776
3	138	27.923774742328	9.295058934655
3	145	28.598830988892	9.328451577763
3	152	29.435280494761	9.205733902546
3	160	30.917464955114	7.798713936798
3	165	31.002097260879	7.641697690179
3	170	31.638218346381	7.647997952377
3	181	35.731930076699	10.436632377777
3	188	37.231207233931	11.638882134302
3	193	38.551760144679	10.636710999628
3	199	39.024439745644	10.595962066768
3	204	39.188961364908	9.006514104548
3	225	45.689698032303	13.970887219298
3	234	48.746894973834	15.057697978591
3	241	48.876996324105	9.44719559642
3	248	49.512777491173	8.574185158369
3	258	53.206048398595	9.529298530901
3	264	53.954582457052	9.546124826942
3	271	54.554665904567	9.109851547823
3	278	56.11993291869	9.306454067586
3	283	57.129745776781	10.066231698865
3	291	59.775275264765	10.942514492417
3	296	59.964032004613	7.586632008785
3	303	60.949926639462	8.117696900008
3	308	61.04398659581	6.919977547078
3	315	62.163626501297	6.539234718826
3	326	67.519479138333	6.294620168365
3	333	70.385962555744	4.117152079831
3	340	73.140550367422	6.356583992771
3	353	76.38686017609	8.779823909665
3	362	78.263762275792	5.797832869046
3	368	79.879912220747	4.783663680097
3	373	80.48272686255	4.410409961144
3	380	81.901072382665	5.473434451171
3	386	82.466823384969	64.07140530877
3	391	82.641532421415	62.512601581941
3	399	83.780016086129	60.271995490106
3	412	85.882874247849	62.111341569951
3	418	86.533817210767	1.097530598266
3	423	86.683271691504	1.148117609193
3	429	87.038594328941	59.199977739947
3	443	88.711388080232	54.626892637832
3	449	89.657648698784	2.532999776483
3	455	90.178113143944	1.799867241745
3	460	90.183899143672	1.508852469241
3	466	91.414566570936	54.559595008058
3	474	92.210678071585	52.497565769179
3	481	93.392532346935	1.656503222949
3	486	93.70814897982	0.45428797976
3	494	94.188440934395	53.9764752095
3	502	96.070033470392	52.20203190464
3	509	97.066800366054	47.705576095626
4	10	1.184731110871	1.140024451117
4	60	14.269745660026	0.388800922783
4	386	82.466823384969	64.07140530877
4	391	82.641532421415	62.512601581941
4	399	83.780016086129	60.271995490106
4	412	85.882874247849	62.111341569951
4	429	87.038594328941	59.199977739947
4	443	88.711388080232	54.626892637832
4	466	91.414566570936	54.559595008058
4	474	92.210678071585	52.497565769179
4	494	94.188440934395	53.9764752095
4	502	96.070033470392	52.20203190464
4	509	97.066800366054	47.705576095626
5	20	4.782296009195	0.648385907893
5	30	6.402850259738	0.967263095015
5	34	8.385376594734	2.632912118673
5	41	8.912938203001	0.29876394752
5	51	10.745210186284	0.197540350679
5	73	17.026918607035	2.32330922343
5	94	20.37342991778	5.16062964609
5	99	22.608367523989	5.954005146865
5	104	22.735176758475	5.233164296572
5	119	24.70672839218	6.945164496088
5	126	25.532479203319	7.712609508776
5	138	27.923774742328	9.295058934655
5	145	28.598830988892	9.328451577763
5	152	29.435280494761	9.205733902546
5	160	30.917464955114	7.798713936798
5	165	31.002097260879	7.641697690179
5	170	31.638218346381	7.647997952377
5	181	35.731930076699	10.436632377777
5	188	37.231207233931	11.638882134302
5	193	38.551760144679	10.636710999628
5	199	39.024439745644	10.595962066768
5	204	39.188961364908	9.006514104548
5	225	45.689698032303	13.970887219298
5	234	48.746894973834	15.057697978591
5	241	48.876996324105	9.44719559642
5	248	49.512777491173	8.574185158369
5	258	53.206048398595	9.529298530901
5	264	53.954582457052	9.546124826942
5	271	54.554665904567	9.109851547823
5	278	56.11993291869	9.306454067586
5	283	57.129745776781	10.066231698865
5	291	59.775275264765	10.942514492417
5	296	59.964032004613	7.586632008785
5	303	60.949926639462	8.117696900008
5	308	61.04398659581	6.919977547078
5	315	62.163626501297	6.539234718826
5	326	67.519479138333	6.294620168365
5	333	70.385962555744	4.117152079831
5	340	73.140550367422	6.356583992771
5	353	76.38686017609	8.779823909665
5	362	78.263762275792	5.797832869046
5	368	79.879912220747	4.783663680097
5	373	80.48272686255	4.410409961144
5	380	81.901072382665	5.473434451171
5	418	86.533817210767	1.097530598266
5	423	86.683271691504	1.148117609193
5	449	89.657648698784	2.532999776483
5	455	90.178113143944	1.799867241745
5	460	90.183899143672	1.508852469241
5	481	93.392532346935	1.656503222949
5	486	93.70814897982	0.45428797976

