version 2
run First-n2-0-20191125-12:36:46-2440
attr configname First-n2
attr datetime 20191125-12:36:46
attr experiment First-n2
attr inifile omnetpp.ini
attr iterationvars ""
attr iterationvarsf ""
attr measurement ""
attr network org.omnetpp.queueing.Pizza
attr processid 2440
attr repetition 0
attr replication ""
attr resultdir results_no_transient
attr runnumber 0
attr seedset 0
param **.PS.maxInventoriedPS 2
param **.U1.interArrivalTime exponential(2s)
param **.U2.interArrivalTime exponential(4s)
param **.PS.serviceTimeForInventoryU1 exponential(0.8s)
param **.PS.serviceTimeForInventoryU2 exponential(1.0s)
param **.PS.serviceTimeDirectU1 exponential(1.2s)
param **.PS.serviceTimeDirectU2 exponential(1.4s)
param **.PS.probabilityProducing 0.5
param **.CS.serviceTimeU1 exponential(0.8s)
param **.CS.serviceTimeU2 exponential(1.0s)

vector 0 Pizza.EntryQueueU1 queueLength:vector ETV
attr interpolationmode sample-hold
attr title "queue length, vector"
vector 1 Pizza.CS queueLength:vector ETV
attr interpolationmode sample-hold
attr title "queue length, vector"
vector 2 Pizza.EntryQueueU2 queueLength:vector ETV
attr interpolationmode sample-hold
attr title "queue length, vector"
vector 3 Pizza.sink lifeTime:vector ETV
attr interpolationmode none
attr title "lifetime of arrived jobs, vector"
attr unit s
vector 4 Pizza.sink lifeTimeU1:vector ETV
attr interpolationmode none
attr title "lifetime of arrived jobs, vector"
attr unit s
vector 5 Pizza.sink lifeTimeU2:vector ETV
attr interpolationmode none
attr title "lifetime of arrived jobs, vector"
attr unit s
0	0	0	0
0	9	4.103610525227	1
0	12	5.205707498568	2
0	13	5.326445306984	1
0	18	6.063776078518	0
0	22	6.175963826011	1
0	24	6.812676107695	2
0	28	7.779880317592	3
0	34	10.713217096752	2
0	38	10.917672552838	3
0	40	11.065043263768	4
0	42	11.888199256253	5
0	44	12.070521308502	6
0	49	14.159746325118	7
0	50	14.313250344633	6
0	56	15.945964117362	5
0	64	17.171314842393	6
0	66	17.237165777276	5
0	71	17.337865304826	4
0	75	18.641243684773	5
0	78	18.991922291894	4
0	85	20.50718571546	3
0	91	20.684107433471	4
0	92	20.887345389941	3
0	96	21.096513997532	4
0	101	23.345518945333	3
0	106	23.47522813689	2
0	111	23.67638168255	1
0	115	23.76709436678	2
0	117	24.744208465396	3
0	120	25.743950419152	2
0	125	26.920871636727	1
0	130	29.79614189138	0
0	136	30.500038507951	1
0	139	30.749810213981	0
0	158	32.617706770926	1
0	160	32.832976987238	2
0	161	33.027077008883	1
0	166	33.167807845223	0
0	181	34.948629813942	1
0	185	35.294884726234	2
0	187	35.528795545819	3
0	190	36.009604082066	2
0	201	37.775132148886	3
0	202	38.399355995548	2
0	208	40.014760880394	3
0	210	41.398581163216	2
0	215	41.444442704355	1
0	223	42.519838922077	0
0	242	44.225403481978	1
0	244	44.357998284942	2
0	246	44.846789181106	3
0	247	46.471565103216	2
0	253	47.205168235236	3
0	256	47.821997915432	4
0	258	48.074157521222	3
0	263	48.143573907094	2
0	268	51.330201622037	1
0	276	52.793162629386	2
0	278	53.659163762233	1
0	284	54.3656669958	0
0	305	56.47572757236	1
0	307	57.611535879321	2
0	309	58.183577824337	3
0	313	61.005626642926	4
0	316	61.867749513185	3
0	322	62.014314256102	4
0	327	63.644955031964	3
0	332	63.743776349854	2
0	337	65.51213827342	1
0	344	67.852604786214	0
0	350	68.118877569871	1
0	352	70.47764343716	2
0	353	70.544101148655	1
0	358	71.406369055964	0
0	364	72.253366258033	1
0	366	72.777480741384	2
0	367	74.741703095172	1
0	371	74.843074762675	2
0	375	75.945866742943	3
0	376	76.09039835741	2
0	382	77.120888908839	1
0	388	77.234076159588	2
0	390	77.507797458111	1
0	395	77.624256640869	0
0	410	79.15882627113	1
0	411	79.488633322517	0
0	434	81.270525488449	1
0	437	81.48028915965	2
0	440	81.665456811017	1
0	445	81.794952880387	0
0	449	83.985504209473	1
0	456	84.761196509594	0
0	476	88.03732184368	1
0	479	90.597990251305	2
0	482	91.169848133316	1
0	489	92.719109923309	0
0	508	94.623535723717	1
0	509	94.916658637187	0
0	519	95.069814139919	1
0	524	98.306126073757	0
0	535	99.221876260805	1
0	537	99.770996591658	0
1	0	0	0
2	0	0	0
2	5	3.594241553936	1
2	26	7.287134079819	2
2	30	9.884919472822	3
2	62	16.573764274122	4
2	82	19.049482112629	5
2	138	30.627164024577	6
2	144	31.085144443945	5
2	151	32.021206003716	4
2	171	33.865340528124	3
2	177	34.493282109115	2
2	183	35.069553807326	3
2	197	36.719558727016	4
2	228	42.800779793582	3
2	235	43.600885357882	4
2	236	43.967653320131	3
2	272	52.097834145889	4
2	291	55.77825985373	3
2	296	56.092981514585	2
2	301	56.43332825282	1
2	311	59.487144749896	2
2	326	62.920716621212	3
2	402	78.292742954187	4
2	403	78.429623937136	3
2	416	79.688698518499	2
2	422	80.146871402457	1
2	427	80.44843731568	0
2	439	81.502950897221	1
2	451	84.036801368112	2
2	453	84.189933019651	3
2	460	84.899235320232	4
2	463	86.237192242193	3
2	468	86.387983252387	2
2	481	90.93852914267	3
2	495	92.758176521837	4
2	496	93.766548614527	3
2	502	94.502679714514	2
2	515	95.066673798149	1
2	523	98.303341929922	2
2	529	99.032497295617	1
3	15	5.326445306984	3.734696297852
3	20	6.063776078518	1.960165553291
3	36	10.713217096752	5.507509598184
3	52	14.313250344633	8.137286518622
3	58	15.945964117362	9.133288009667
3	68	17.237165777276	9.457285459684
3	73	17.337865304826	6.420192751988
3	80	18.991922291894	7.926879028126
3	87	20.50718571546	8.618986459207
3	94	20.887345389941	8.816824081439
3	103	23.345518945333	9.185772620215
3	108	23.47522813689	6.303913294497
3	113	23.67638168255	5.035137997777
3	122	25.743950419152	5.059842985681
3	127	26.920871636727	5.824357639195
3	132	29.79614189138	6.0290475246
3	141	30.749810213981	6.005601748585
3	146	31.085144443945	0.585105935994
3	153	32.021206003716	28.42696444978
3	163	33.027077008883	25.739942929064
3	168	33.167807845223	0.550101074297
3	173	33.865340528124	1.032363540886
3	179	34.493282109115	24.608362636293
3	192	36.009604082066	19.435839807944
3	204	38.399355995548	3.450726181606
3	212	41.398581163216	6.103696436982
3	217	41.444442704355	5.915647158536
3	225	42.519838922077	4.744706773191
3	230	42.800779793582	2.786018913188
3	238	43.967653320131	24.918171207502
3	249	46.471565103216	15.844401078639
3	260	48.074157521222	3.848754039244
3	265	48.143573907094	3.785575622152
3	270	51.330201622037	6.483412440931
3	280	53.659163762233	6.453995526997
3	286	54.3656669958	6.543669080368
3	293	55.77825985373	2.985097224344
3	298	56.092981514585	21.023427707259
3	303	56.43332825282	19.713769525804
3	318	61.867749513185	18.266864155303
3	329	63.644955031964	7.169227459604
3	334	63.743776349854	6.132240470533
3	339	65.51213827342	7.328560449083
3	346	67.852604786214	6.846978143288
3	355	70.544101148655	8.529786892553
3	360	71.406369055964	3.287491486093
3	369	74.741703095172	4.264059658012
3	378	76.09039835741	3.837032099377
3	384	77.120888908839	4.343408167455
3	392	77.507797458111	2.664722695436
3	397	77.624256640869	1.678389897926
3	405	78.429623937136	1.195547777548
3	413	79.488633322517	27.390799176628
3	418	79.688698518499	0.529872247369
3	424	80.146871402457	20.659726652561
3	429	80.44843731568	17.527720694468
3	442	81.665456811017	3.37271385683
3	447	81.794952880387	0.524427391938
3	458	84.761196509594	3.280907349944
3	465	86.237192242193	2.25168803272
3	470	86.387983252387	4.885032355166
3	484	91.169848133316	7.133046765204
3	491	92.719109923309	4.681788079629
3	498	93.766548614527	3.168558363222
3	504	94.502679714514	10.312746694863
3	511	94.916658637187	10.017423316955
3	517	95.066673798149	0.443138074432
3	526	98.306126073757	7.367596931087
3	531	99.032497295617	3.962683155698
3	539	99.770996591658	7.012820069821
4	15	5.326445306984	3.734696297852
4	20	6.063776078518	1.960165553291
4	36	10.713217096752	5.507509598184
4	52	14.313250344633	8.137286518622
4	58	15.945964117362	9.133288009667
4	68	17.237165777276	9.457285459684
4	73	17.337865304826	6.420192751988
4	80	18.991922291894	7.926879028126
4	87	20.50718571546	8.618986459207
4	94	20.887345389941	8.816824081439
4	103	23.345518945333	9.185772620215
4	108	23.47522813689	6.303913294497
4	113	23.67638168255	5.035137997777
4	122	25.743950419152	5.059842985681
4	127	26.920871636727	5.824357639195
4	132	29.79614189138	6.0290475246
4	141	30.749810213981	6.005601748585
4	146	31.085144443945	0.585105935994
4	168	33.167807845223	0.550101074297
4	173	33.865340528124	1.032363540886
4	204	38.399355995548	3.450726181606
4	212	41.398581163216	6.103696436982
4	217	41.444442704355	5.915647158536
4	225	42.519838922077	4.744706773191
4	230	42.800779793582	2.786018913188
4	260	48.074157521222	3.848754039244
4	265	48.143573907094	3.785575622152
4	270	51.330201622037	6.483412440931
4	280	53.659163762233	6.453995526997
4	286	54.3656669958	6.543669080368
4	293	55.77825985373	2.985097224344
4	329	63.644955031964	7.169227459604
4	334	63.743776349854	6.132240470533
4	339	65.51213827342	7.328560449083
4	346	67.852604786214	6.846978143288
4	355	70.544101148655	8.529786892553
4	360	71.406369055964	3.287491486093
4	369	74.741703095172	4.264059658012
4	378	76.09039835741	3.837032099377
4	384	77.120888908839	4.343408167455
4	392	77.507797458111	2.664722695436
4	397	77.624256640869	1.678389897926
4	405	78.429623937136	1.195547777548
4	418	79.688698518499	0.529872247369
4	447	81.794952880387	0.524427391938
4	458	84.761196509594	3.280907349944
4	465	86.237192242193	2.25168803272
4	491	92.719109923309	4.681788079629
4	498	93.766548614527	3.168558363222
4	517	95.066673798149	0.443138074432
4	531	99.032497295617	3.962683155698
5	153	32.021206003716	28.42696444978
5	163	33.027077008883	25.739942929064
5	179	34.493282109115	24.608362636293
5	192	36.009604082066	19.435839807944
5	238	43.967653320131	24.918171207502
5	249	46.471565103216	15.844401078639
5	298	56.092981514585	21.023427707259
5	303	56.43332825282	19.713769525804
5	318	61.867749513185	18.266864155303
5	413	79.488633322517	27.390799176628
5	424	80.146871402457	20.659726652561
5	429	80.44843731568	17.527720694468
5	442	81.665456811017	3.37271385683
5	470	86.387983252387	4.885032355166
5	484	91.169848133316	7.133046765204
5	504	94.502679714514	10.312746694863
5	511	94.916658637187	10.017423316955
5	526	98.306126073757	7.367596931087
5	539	99.770996591658	7.012820069821

