version 2
run First-n4-9-20191125-12:36:58-9600
attr configname First-n4
attr datetime 20191125-12:36:58
attr experiment First-n4
attr inifile omnetpp.ini
attr iterationvars ""
attr iterationvarsf ""
attr measurement ""
attr network org.omnetpp.queueing.Pizza
attr processid 9600
attr repetition 9
attr replication ""
attr resultdir results_no_transient
attr runnumber 9
attr seedset 9
param **.PS.maxInventoriedPS 4
param **.U1.interArrivalTime exponential(2s)
param **.U2.interArrivalTime exponential(4s)
param **.PS.serviceTimeForInventoryU1 exponential(0.8s)
param **.PS.serviceTimeForInventoryU2 exponential(1.0s)
param **.PS.serviceTimeDirectU1 exponential(1.2s)
param **.PS.serviceTimeDirectU2 exponential(1.4s)
param **.PS.probabilityProducing 0.5
param **.CS.serviceTimeU1 exponential(0.8s)
param **.CS.serviceTimeU2 exponential(1.0s)

vector 0 Pizza.EntryQueueU1 queueLength:vector ETV
attr interpolationmode sample-hold
attr title "queue length, vector"
vector 1 Pizza.CS queueLength:vector ETV
attr interpolationmode sample-hold
attr title "queue length, vector"
vector 2 Pizza.EntryQueueU2 queueLength:vector ETV
attr interpolationmode sample-hold
attr title "queue length, vector"
vector 3 Pizza.sink lifeTime:vector ETV
attr interpolationmode none
attr title "lifetime of arrived jobs, vector"
attr unit s
vector 4 Pizza.sink lifeTimeU1:vector ETV
attr interpolationmode none
attr title "lifetime of arrived jobs, vector"
attr unit s
vector 5 Pizza.sink lifeTimeU2:vector ETV
attr interpolationmode none
attr title "lifetime of arrived jobs, vector"
attr unit s
0	0	0	0
0	28	3.075591881666	1
0	30	3.154630015333	2
0	32	3.397227905087	1
0	41	5.223509751997	0
0	65	10.973359897441	1
0	67	11.194012119284	2
0	69	11.565794993076	3
0	71	11.731071802341	4
0	74	13.203534908592	5
0	75	13.30940327011	4
0	82	14.554069553248	5
0	83	14.887061572649	4
0	91	15.830683422209	3
0	96	19.3660772737	2
0	101	20.016860304902	1
0	108	21.869103463023	0
0	116	22.440121943106	1
0	119	24.949075655396	0
0	153	27.751167222538	1
0	154	27.980123395678	0
0	201	34.20938426639	1
0	202	34.264414242541	0
0	210	35.284814336784	1
0	212	35.71244289784	0
0	232	37.939098593446	1
0	240	39.847771712153	2
0	242	40.079290536347	3
0	243	41.151876612489	2
0	248	41.184225375415	1
0	253	41.271233112529	0
0	322	63.588277656745	1
0	324	64.163120704532	2
0	325	65.557895788772	1
0	330	65.569333688972	0
0	336	65.842156524367	1
0	337	66.24527981106	0
0	359	69.196214442133	1
0	360	69.459725475	0
0	374	72.583873822008	1
0	377	72.925721410784	0
0	381	73.411543791891	1
0	383	74.019375547678	2
0	386	74.434676811813	1
0	392	76.603883140873	2
0	394	78.549737461965	1
0	399	78.798943061619	0
0	405	80.308391066203	1
0	408	80.869723340496	2
0	409	82.184177570643	1
0	414	82.798281489162	0
0	425	83.303033739153	1
0	427	83.470304614691	2
0	428	83.559711720673	1
0	432	83.929208661863	2
0	436	85.150756427657	3
0	439	86.385397322355	2
0	447	88.239105777257	3
0	449	88.244400167058	4
0	451	89.046638233948	3
0	459	89.490278622568	4
0	461	89.627699358391	3
0	466	91.457912538881	2
0	474	93.961621611051	1
0	481	94.508516619035	2
0	482	94.534628740666	1
0	488	94.808577175999	2
0	489	95.352931018569	1
0	494	96.403752360137	0
1	0	0	0
2	0	0	0
2	25	1.813127449552	1
2	39	3.686435149716	2
2	46	5.614339988537	1
2	51	6.4464497555	0
2	90	15.734463795259	1
2	114	22.060148903284	2
2	118	22.890010511189	3
2	124	25.222323966558	2
2	129	25.262578221208	1
2	134	25.306375128106	0
2	160	28.142272109328	1
2	161	28.937287993655	0
2	176	29.891621353919	1
2	179	30.14618438369	0
2	236	38.875643470907	1
2	238	39.684856027678	2
2	258	41.810852915671	1
2	265	43.484735619123	0
2	350	66.688681563372	1
2	352	68.001917452759	0
2	372	72.350469642046	1
2	419	83.147826812473	0
2	434	84.507748708348	1
2	457	89.109102110655	2
2	500	96.521321763512	1
2	507	97.862500639028	0
3	8	0.965486833298	0.944630143657
3	17	1.48490675662	0.070243232535
3	34	3.397227905087	1.686661929778
3	43	5.223509751997	2.147917870331
3	48	5.614339988537	2.459709973204
3	53	6.4464497555	4.633322305948
3	57	7.073188548768	3.386753399052
3	77	13.30940327011	3.276720640724
3	85	14.887061572649	3.913701675208
3	93	15.830683422209	4.636671302925
3	98	19.3660772737	7.800282280624
3	103	20.016860304902	8.285788502561
3	110	21.869103463023	8.665568554431
3	121	24.949075655396	10.395006102148
3	126	25.222323966558	2.782202023452
3	131	25.262578221208	9.528114425949
3	136	25.306375128106	3.246226224822
3	144	25.925710036095	3.035699524906
3	156	27.980123395678	0.435280630167
3	163	28.937287993655	1.186120771117
3	168	29.247589811228	1.1053177019
3	181	30.14618438369	0.376160046508
3	185	30.835617689326	0.943996335407
3	192	31.258105006939	0.192899353321
3	204	34.264414242541	0.583761036413
3	214	35.71244289784	1.50305863145
3	218	35.82839669217	0.543582355386
3	225	36.471023365488	0.055896987548
3	245	41.151876612489	3.294989888653
3	250	41.184225375415	3.245126781969
3	255	41.271233112529	1.423461400376
3	260	41.810852915671	1.731562379324
3	267	43.484735619123	4.609092148216
3	272	45.051680441918	5.36682441424
3	282	46.616797823002	0.728691946461
3	289	49.81043188408	0.095516272259
3	297	56.460604180408	0.607541710901
3	305	57.895355652368	0.30133025182
3	314	62.4916126751	2.040149472999
3	327	65.557895788772	2.333266898654
3	332	65.569333688972	1.981056032227
3	339	66.24527981106	2.082159106528
3	343	66.306088814591	0.463932290224
3	354	68.001917452759	1.630843537881
3	362	69.459725475	2.771043911628
3	366	70.116847486146	0.920633044013
3	379	72.925721410784	0.590508922459
3	388	74.434676811813	1.850802989805
3	396	78.549737461965	5.138193670074
3	401	78.798943061619	4.779567513941
3	411	82.184177570643	5.58029442977
3	416	82.798281489162	2.489890422959
3	421	83.147826812473	2.278103471977
3	430	83.559711720673	11.209242078627
3	441	86.385397322355	3.082363583202
3	453	89.046638233948	5.576333619257
3	463	89.627699358391	5.698490696528
3	468	91.457912538881	6.307156111224
3	476	93.961621611051	5.722515833794
3	484	94.534628740666	6.290228573608
3	491	95.352931018569	5.862652396001
3	496	96.403752360137	1.895235741102
3	502	96.521321763512	1.712744587513
3	509	97.862500639028	13.35475193068
4	8	0.965486833298	0.944630143657
4	17	1.48490675662	0.070243232535
4	34	3.397227905087	1.686661929778
4	43	5.223509751997	2.147917870331
4	48	5.614339988537	2.459709973204
4	77	13.30940327011	3.276720640724
4	85	14.887061572649	3.913701675208
4	93	15.830683422209	4.636671302925
4	98	19.3660772737	7.800282280624
4	103	20.016860304902	8.285788502561
4	110	21.869103463023	8.665568554431
4	121	24.949075655396	10.395006102148
4	126	25.222323966558	2.782202023452
4	163	28.937287993655	1.186120771117
4	181	30.14618438369	0.376160046508
4	192	31.258105006939	0.192899353321
4	204	34.264414242541	0.583761036413
4	214	35.71244289784	1.50305863145
4	218	35.82839669217	0.543582355386
4	250	41.184225375415	3.245126781969
4	255	41.271233112529	1.423461400376
4	260	41.810852915671	1.731562379324
4	289	49.81043188408	0.095516272259
4	305	57.895355652368	0.30133025182
4	314	62.4916126751	2.040149472999
4	332	65.569333688972	1.981056032227
4	339	66.24527981106	2.082159106528
4	343	66.306088814591	0.463932290224
4	366	70.116847486146	0.920633044013
4	379	72.925721410784	0.590508922459
4	388	74.434676811813	1.850802989805
4	396	78.549737461965	5.138193670074
4	401	78.798943061619	4.779567513941
4	411	82.184177570643	5.58029442977
4	416	82.798281489162	2.489890422959
4	421	83.147826812473	2.278103471977
4	441	86.385397322355	3.082363583202
4	453	89.046638233948	5.576333619257
4	463	89.627699358391	5.698490696528
4	468	91.457912538881	6.307156111224
4	476	93.961621611051	5.722515833794
4	484	94.534628740666	6.290228573608
4	491	95.352931018569	5.862652396001
4	496	96.403752360137	1.895235741102
4	502	96.521321763512	1.712744587513
5	53	6.4464497555	4.633322305948
5	57	7.073188548768	3.386753399052
5	131	25.262578221208	9.528114425949
5	136	25.306375128106	3.246226224822
5	144	25.925710036095	3.035699524906
5	156	27.980123395678	0.435280630167
5	168	29.247589811228	1.1053177019
5	185	30.835617689326	0.943996335407
5	225	36.471023365488	0.055896987548
5	245	41.151876612489	3.294989888653
5	267	43.484735619123	4.609092148216
5	272	45.051680441918	5.36682441424
5	282	46.616797823002	0.728691946461
5	297	56.460604180408	0.607541710901
5	327	65.557895788772	2.333266898654
5	354	68.001917452759	1.630843537881
5	362	69.459725475	2.771043911628
5	430	83.559711720673	11.209242078627
5	509	97.862500639028	13.35475193068

