version 2
run First-n2-1-20191125-12:36:48-9108
attr configname First-n2
attr datetime 20191125-12:36:48
attr experiment First-n2
attr inifile omnetpp.ini
attr iterationvars ""
attr iterationvarsf ""
attr measurement ""
attr network org.omnetpp.queueing.Pizza
attr processid 9108
attr repetition 1
attr replication ""
attr resultdir results_no_transient
attr runnumber 1
attr seedset 1
param **.PS.maxInventoriedPS 2
param **.U1.interArrivalTime exponential(2s)
param **.U2.interArrivalTime exponential(4s)
param **.PS.serviceTimeForInventoryU1 exponential(0.8s)
param **.PS.serviceTimeForInventoryU2 exponential(1.0s)
param **.PS.serviceTimeDirectU1 exponential(1.2s)
param **.PS.serviceTimeDirectU2 exponential(1.4s)
param **.PS.probabilityProducing 0.5
param **.CS.serviceTimeU1 exponential(0.8s)
param **.CS.serviceTimeU2 exponential(1.0s)

vector 0 Pizza.EntryQueueU1 queueLength:vector ETV
attr interpolationmode sample-hold
attr title "queue length, vector"
vector 1 Pizza.CS queueLength:vector ETV
attr interpolationmode sample-hold
attr title "queue length, vector"
vector 2 Pizza.EntryQueueU2 queueLength:vector ETV
attr interpolationmode sample-hold
attr title "queue length, vector"
vector 3 Pizza.sink lifeTime:vector ETV
attr interpolationmode none
attr title "lifetime of arrived jobs, vector"
attr unit s
vector 4 Pizza.sink lifeTimeU1:vector ETV
attr interpolationmode none
attr title "lifetime of arrived jobs, vector"
attr unit s
vector 5 Pizza.sink lifeTimeU2:vector ETV
attr interpolationmode none
attr title "lifetime of arrived jobs, vector"
attr unit s
0	0	0	0
0	5	3.627462129344	1
0	7	3.627690904589	2
0	9	3.901908065775	3
0	13	4.530428224701	2
0	17	4.621933561487	3
0	20	5.182127811435	2
0	24	5.60368787706	3
0	26	7.151607417611	4
0	31	9.396866798728	3
0	37	10.008433400689	2
0	42	10.44050624052	1
0	46	10.897254751353	2
0	52	12.533269374113	3
0	53	13.412916982757	2
0	58	14.7115740701	1
0	65	15.050623796464	2
0	66	15.654536872135	1
0	71	17.454581567506	0
0	75	19.231857642383	1
0	77	19.409616699565	2
0	80	19.723823260984	1
0	85	20.685319227527	0
0	98	25.176244776342	1
0	104	26.699804821452	2
0	109	27.383742454398	3
0	110	27.677787322409	2
0	116	27.705602362459	1
0	122	30.982829912395	2
0	125	31.303450897142	1
0	132	32.974661607292	0
0	138	33.14419229242	1
0	140	33.3464252698	2
0	143	34.041612572827	3
0	145	34.72033634866	4
0	146	34.888630100511	3
0	151	34.904275664556	2
0	157	34.974845412627	3
0	159	35.450416133024	4
0	164	36.894071980333	3
0	170	37.57694561472	2
0	175	38.288870207256	1
0	180	38.499017698119	0
0	201	40.276296249257	1
0	203	40.369108288815	2
0	209	42.549174571851	3
0	212	43.389287916742	2
0	217	43.509273342661	1
0	224	46.587101731381	0
0	235	47.223567252087	1
0	238	48.552154700799	0
0	244	49.254886157516	1
0	248	49.664211687499	0
0	254	50.128609146485	1
0	255	51.159754398413	0
0	261	51.246160594275	1
0	263	51.269636221712	2
0	265	53.447602804734	3
0	268	53.77888968406	2
0	274	54.82634771005	3
0	276	54.958771181241	4
0	278	56.154125692494	5
0	279	56.313601878052	4
0	283	57.032098215081	5
0	286	57.566436318734	4
0	291	60.474973741151	3
0	297	62.683375768002	2
0	303	62.721108150891	3
0	305	63.37477841021	2
0	310	63.728402551743	1
0	314	64.218673637939	2
0	319	65.272880848283	1
0	324	66.717588644983	0
0	345	69.002274605601	1
0	349	70.250679520846	2
0	353	71.62442902859	1
0	359	71.670239149202	2
0	361	71.935636256421	3
0	362	72.209709739611	2
0	369	72.313792978491	3
0	370	72.32466850963	2
0	375	72.597217364078	1
0	379	72.879078745843	2
0	381	73.406380934916	3
0	384	73.786943865007	2
0	389	74.022866349108	1
0	393	75.015977922358	2
0	398	75.739095708738	1
0	408	76.704228123486	2
0	409	76.750050182535	1
0	414	77.196681206855	0
0	428	79.491857010478	1
0	429	81.012891191456	0
0	451	82.537996402746	1
0	454	82.81418791806	0
0	463	83.433118338957	1
0	465	83.785682472533	2
0	467	84.220575791876	3
0	473	88.360098419094	2
0	479	89.134072407637	1
0	485	89.804908362178	2
0	487	90.145990153326	3
0	488	90.922172171323	2
0	493	90.980247775126	1
0	498	91.774631339987	0
0	502	92.994803540525	1
0	506	94.107239089542	0
0	517	94.677408652624	1
0	519	95.034146102948	0
0	525	95.163209214093	1
0	526	95.28036637597	0
0	532	95.446952277804	1
0	533	95.554082220017	0
0	550	97.433930426376	1
0	552	97.863870222034	2
0	555	98.398074528553	1
0	561	99.862367720206	0
1	0	0	0
2	0	0	0
2	96	23.490899443926	1
2	100	25.613570028171	2
2	102	26.493917407035	3
2	124	31.202943770711	4
2	163	36.718878815283	5
2	185	39.056191761246	4
2	190	39.735553584937	3
2	195	39.78679788982	2
2	199	40.230902216497	3
2	211	43.301492193921	4
2	223	46.414467070554	5
2	229	47.162606641841	4
2	246	49.50690732344	5
2	259	51.223265271804	6
2	318	64.614655688837	7
2	328	67.134539176268	8
2	331	68.18461186092	7
2	336	68.33210976121	6
2	341	68.545248621852	5
2	351	70.340364565652	6
2	404	75.948046925461	7
2	421	78.531061325461	6
2	435	82.011478936854	5
2	440	82.024114411287	4
2	445	82.098810245673	3
2	449	82.530488010362	4
2	459	82.946217036733	3
2	511	94.233529031467	2
2	541	96.209114405287	3
2	542	96.764576655329	2
2	548	97.415238393535	3
2	554	98.033735593212	4
2	566	99.916957464811	3
3	15	4.530428224701	3.451216571677
3	22	5.182127811435	1.554665682091
3	33	9.396866798728	5.769175894139
3	39	10.008433400689	6.106525334914
3	44	10.44050624052	5.818572679033
3	55	13.412916982757	7.809229105697
3	60	14.7115740701	7.559966652489
3	68	15.654536872135	4.757282120782
3	73	17.454581567506	4.921312193393
3	82	19.723823260984	4.67319946452
3	87	20.685319227527	1.453461585144
3	91	21.246860603784	1.837243904219
3	112	27.677787322409	4.7289178016
3	118	27.705602362459	2.529357586117
3	127	31.303450897142	4.60364607569
3	134	32.974661607292	5.590919152894
3	148	34.888630100511	3.905800188116
3	153	34.904275664556	1.760083372136
3	166	36.894071980333	3.547646710533
3	172	37.57694561472	3.535333041893
3	177	38.288870207256	3.568533858596
3	182	38.499017698119	3.524172285492
3	187	39.056191761246	3.605775628222
3	192	39.735553584937	16.244654141011
3	197	39.78679788982	14.173227861649
3	214	43.389287916742	16.895370509707
3	219	43.509273342661	3.232977093404
3	226	46.587101731381	6.217993442566
3	231	47.162606641841	4.61343206999
3	240	48.552154700799	17.349210930088
3	250	49.664211687499	2.440644435412
3	257	51.159754398413	1.904868240897
3	270	53.77888968406	3.650280537575
3	281	56.313601878052	5.067441283777
3	288	57.566436318734	6.296800097022
3	293	60.474973741151	7.027370936417
3	299	62.683375768002	7.857028057952
3	307	63.37477841021	8.416007228969
3	312	63.728402551743	7.574276859249
3	321	65.272880848283	8.240782633202
3	326	66.717588644983	3.996480494092
3	333	68.18461186092	3.965938222981
3	338	68.33210976121	31.613230945927
3	343	68.545248621852	28.314346405355
3	355	71.62442902859	28.322936834669
3	364	72.209709739611	3.20743513401
3	372	72.32466850963	2.073988988784
3	377	72.597217364078	0.926978214876
3	386	73.786943865007	1.851307608586
3	391	74.022866349108	1.709073370617
3	400	75.739095708738	2.860016962895
3	411	76.750050182535	3.343669247619
3	416	77.196681206855	2.180703284497
3	423	78.531061325461	1.826833201975
3	431	81.012891191456	34.598424120902
3	437	82.011478936854	2.519621926376
3	442	82.024114411287	32.517207087847
3	447	82.098810245673	30.875544973869
3	456	82.81418791806	18.199532229223
3	461	82.946217036733	0.408220633987
3	475	88.360098419094	21.225559242826
3	481	89.134072407637	5.70095406868
3	490	90.922172171323	7.13648969879
3	495	90.980247775126	6.75967198325
3	500	91.774631339987	1.969722977809
3	508	94.107239089542	3.961248936216
3	513	94.233529031467	1.238725490942
3	521	95.034146102948	24.693781537296
3	528	95.28036637597	0.602957723346
3	535	95.554082220017	0.390873005924
3	544	96.764576655329	1.317624377525
3	557	98.398074528553	22.450027603092
3	563	99.862367720206	2.42843729383
3	568	99.916957464811	2.053087242777
4	15	4.530428224701	3.451216571677
4	22	5.182127811435	1.554665682091
4	33	9.396866798728	5.769175894139
4	39	10.008433400689	6.106525334914
4	44	10.44050624052	5.818572679033
4	55	13.412916982757	7.809229105697
4	60	14.7115740701	7.559966652489
4	68	15.654536872135	4.757282120782
4	73	17.454581567506	4.921312193393
4	82	19.723823260984	4.67319946452
4	87	20.685319227527	1.453461585144
4	91	21.246860603784	1.837243904219
4	112	27.677787322409	4.7289178016
4	118	27.705602362459	2.529357586117
4	127	31.303450897142	4.60364607569
4	134	32.974661607292	5.590919152894
4	148	34.888630100511	3.905800188116
4	153	34.904275664556	1.760083372136
4	166	36.894071980333	3.547646710533
4	172	37.57694561472	3.535333041893
4	177	38.288870207256	3.568533858596
4	182	38.499017698119	3.524172285492
4	187	39.056191761246	3.605775628222
4	219	43.509273342661	3.232977093404
4	226	46.587101731381	6.217993442566
4	231	47.162606641841	4.61343206999
4	250	49.664211687499	2.440644435412
4	257	51.159754398413	1.904868240897
4	270	53.77888968406	3.650280537575
4	281	56.313601878052	5.067441283777
4	288	57.566436318734	6.296800097022
4	293	60.474973741151	7.027370936417
4	299	62.683375768002	7.857028057952
4	307	63.37477841021	8.416007228969
4	312	63.728402551743	7.574276859249
4	321	65.272880848283	8.240782633202
4	326	66.717588644983	3.996480494092
4	333	68.18461186092	3.965938222981
4	364	72.209709739611	3.20743513401
4	372	72.32466850963	2.073988988784
4	377	72.597217364078	0.926978214876
4	386	73.786943865007	1.851307608586
4	391	74.022866349108	1.709073370617
4	400	75.739095708738	2.860016962895
4	411	76.750050182535	3.343669247619
4	416	77.196681206855	2.180703284497
4	423	78.531061325461	1.826833201975
4	437	82.011478936854	2.519621926376
4	461	82.946217036733	0.408220633987
4	481	89.134072407637	5.70095406868
4	490	90.922172171323	7.13648969879
4	495	90.980247775126	6.75967198325
4	500	91.774631339987	1.969722977809
4	508	94.107239089542	3.961248936216
4	513	94.233529031467	1.238725490942
4	528	95.28036637597	0.602957723346
4	535	95.554082220017	0.390873005924
4	544	96.764576655329	1.317624377525
4	563	99.862367720206	2.42843729383
4	568	99.916957464811	2.053087242777
5	192	39.735553584937	16.244654141011
5	197	39.78679788982	14.173227861649
5	214	43.389287916742	16.895370509707
5	240	48.552154700799	17.349210930088
5	338	68.33210976121	31.613230945927
5	343	68.545248621852	28.314346405355
5	355	71.62442902859	28.322936834669
5	431	81.012891191456	34.598424120902
5	442	82.024114411287	32.517207087847
5	447	82.098810245673	30.875544973869
5	456	82.81418791806	18.199532229223
5	475	88.360098419094	21.225559242826
5	521	95.034146102948	24.693781537296
5	557	98.398074528553	22.450027603092

