version 2
run First-n5-1-20191125-12:36:50-9924
attr configname First-n5
attr datetime 20191125-12:36:50
attr experiment First-n5
attr inifile omnetpp.ini
attr iterationvars ""
attr iterationvarsf ""
attr measurement ""
attr network org.omnetpp.queueing.Pizza
attr processid 9924
attr repetition 1
attr replication ""
attr resultdir results_no_transient
attr runnumber 1
attr seedset 1
param **.PS.maxInventoriedPS 5
param **.U1.interArrivalTime exponential(2s)
param **.U2.interArrivalTime exponential(4s)
param **.PS.serviceTimeForInventoryU1 exponential(0.8s)
param **.PS.serviceTimeForInventoryU2 exponential(1.0s)
param **.PS.serviceTimeDirectU1 exponential(1.2s)
param **.PS.serviceTimeDirectU2 exponential(1.4s)
param **.PS.probabilityProducing 0.5
param **.CS.serviceTimeU1 exponential(0.8s)
param **.CS.serviceTimeU2 exponential(1.0s)

vector 0 Pizza.EntryQueueU1 queueLength:vector ETV
attr interpolationmode sample-hold
attr title "queue length, vector"
vector 1 Pizza.CS queueLength:vector ETV
attr interpolationmode sample-hold
attr title "queue length, vector"
vector 2 Pizza.EntryQueueU2 queueLength:vector ETV
attr interpolationmode sample-hold
attr title "queue length, vector"
vector 3 Pizza.sink lifeTime:vector ETV
attr interpolationmode none
attr title "lifetime of arrived jobs, vector"
attr unit s
vector 4 Pizza.sink lifeTimeU1:vector ETV
attr interpolationmode none
attr title "lifetime of arrived jobs, vector"
attr unit s
vector 5 Pizza.sink lifeTimeU2:vector ETV
attr interpolationmode none
attr title "lifetime of arrived jobs, vector"
attr unit s
0	0	0	0
0	5	3.627462129344	1
0	7	3.627690904589	2
0	9	3.901908065775	3
0	13	4.530428224701	2
0	17	4.621933561487	3
0	20	5.182127811435	2
0	24	5.60368787706	3
0	26	7.151607417611	4
0	31	9.396866798728	3
0	37	10.008433400689	2
0	44	10.662839249793	1
0	50	10.897254751353	2
0	51	11.669781018733	1
0	56	11.747695610033	0
0	69	17.877384684236	1
0	73	18.249635262153	2
0	75	18.456685966464	3
0	76	19.06859720885	2
0	81	20.149097756203	1
0	85	20.254892129289	2
0	87	20.695065818721	3
0	90	21.185866746755	2
0	95	23.003373512305	1
0	101	23.049579000559	2
0	104	23.808119311178	1
0	110	25.935566546714	0
0	150	32.044200337266	1
0	152	32.2601157313	2
0	153	32.673669105986	1
0	158	33.622052096983	0
0	164	33.784889437194	1
0	166	33.88737804696	2
0	169	34.244320173384	1
0	176	36.558785036523	0
0	182	36.787850415703	1
0	184	37.083632016244	2
0	185	37.18138001185	1
0	191	38.271974682015	2
0	192	38.499055660051	1
0	197	38.643653922786	0
0	203	39.22026899017	1
0	205	40.116787781064	2
0	206	40.743083562892	1
0	210	40.971491120843	2
0	213	42.794361407153	1
0	219	43.750587238759	2
0	220	43.893878232384	1
0	229	45.705176685415	2
0	231	46.298516316329	1
0	238	48.976794399736	0
0	254	50.229718475498	1
0	258	51.278677993194	2
0	261	53.058287621417	1
0	269	54.231947772957	2
0	270	54.243613039817	1
0	275	54.250852090041	0
0	289	55.960454378477	1
0	291	55.992349843714	2
0	294	56.619036354104	3
0	295	57.630315091815	2
0	300	58.271480169692	1
0	305	58.329606830041	0
0	338	60.448359755219	1
0	339	60.586722571814	0
0	357	62.561627226875	1
0	360	63.759001944282	0
0	367	64.249877428003	1
0	369	64.934182108589	2
0	370	65.100297762566	1
0	376	65.464651981203	2
0	377	66.416785979546	1
0	384	67.363044903934	2
0	385	68.010175839093	1
0	390	68.457603886504	0
0	406	70.112738293143	1
0	409	70.624354182055	2
0	411	70.697680980049	3
0	412	71.274680337325	2
0	418	71.38587816894	1
0	423	71.743926943424	0
0	440	72.338356039912	1
0	443	74.079838760198	2
0	445	74.1824634219	3
0	446	75.083756554675	2
0	454	75.367589635999	1
0	460	77.155689399685	0
0	472	77.934861472683	1
0	475	78.895109108183	0
0	482	79.617466584782	1
0	484	79.933191439594	2
0	489	80.8897184992	3
0	493	82.475557200378	2
0	498	82.589054425862	1
0	503	82.958789723163	0
0	516	83.625326673446	1
0	519	83.825647706415	2
0	522	84.255587502073	3
0	523	84.704922097613	2
0	528	85.299919397081	1
0	536	86.295897135927	2
0	538	86.907037430156	3
0	539	87.370087404365	2
0	545	87.691693488511	3
0	547	88.432706933228	2
0	553	89.171067070984	3
0	555	89.532687141122	4
0	558	90.33988066457	3
0	564	91.39994408892	2
0	569	93.780943866001	1
0	577	94.908360908526	2
0	579	95.3634431156	3
0	580	96.463517723235	2
0	587	98.559912241923	1
0	595	99.720250442905	0
1	0	0	0
2	0	0	0
2	103	23.490899443926	1
2	116	26.410778035501	0
2	126	27.813624203975	1
2	127	28.747645835419	0
2	133	28.764765644769	1
2	135	29.102793533157	0
2	224	44.013759117193	1
2	245	49.574044050694	2
2	247	49.838890993077	3
2	248	50.213782653512	2
2	260	52.229600015583	3
2	280	55.238514607984	2
2	286	55.639855377086	3
2	310	58.447605150273	2
2	315	58.660744010915	1
2	320	58.7290230375	0
2	352	61.425605470767	1
2	395	68.507034165642	0
2	402	68.807028640243	1
2	404	69.261917363402	2
2	428	72.000802383427	1
2	434	72.291590269524	0
2	452	75.354196147939	1
2	465	77.213765003488	0
2	474	78.077250551928	1
2	487	80.5072022008	2
2	492	81.478803323738	3
2	508	83.307544308189	2
2	534	85.904166348918	3
2	557	89.809307275427	4
2	575	94.456260731796	5
2	586	97.709872522742	6
2	594	99.687108420161	7
3	15	4.530428224701	3.451216571677
3	22	5.182127811435	1.554665682091
3	33	9.396866798728	5.769175894139
3	39	10.008433400689	6.106525334914
3	46	10.662839249793	6.040905688306
3	53	11.669781018733	6.066093141673
3	58	11.747695610033	4.596088192422
3	62	14.764244194747	3.866989443394
3	78	19.06859720885	1.270888282925
3	83	20.149097756203	2.271713071967
3	92	21.185866746755	2.936231484602
3	97	23.003373512305	4.546687545841
3	106	23.808119311178	3.553227181889
3	112	25.935566546714	5.240500727993
3	118	26.410778035501	3.361199034942
3	129	28.747645835419	5.256746391493
3	137	29.102793533157	1.289169329182
3	142	30.054551658375	1.289786013606
3	155	32.673669105986	1.203167667067
3	160	33.622052096983	1.577851759717
3	171	34.244320173384	1.984204442084
3	178	36.558785036523	2.773895599329
3	187	37.18138001185	3.29400196489
3	194	38.499055660051	1.711205244348
3	199	38.643653922786	1.560021906542
3	208	40.743083562892	2.471108880877
3	215	42.794361407153	3.574092416983
3	222	43.893878232384	3.77709045132
3	233	46.298516316329	5.327025195486
3	240	48.976794399736	5.226207160977
3	250	50.213782653512	4.508605968097
3	263	53.058287621417	9.044528504224
3	272	54.243613039817	4.013894564319
3	277	54.250852090041	2.972174096847
3	282	55.238514607984	1.006566835027
3	297	57.630315091815	8.056271041121
3	302	58.271480169692	2.311025791215
3	307	58.329606830041	2.337256986327
3	312	58.447605150273	1.828568796169
3	317	58.660744010915	8.821853017838
3	322	58.7290230375	6.499423021917
3	326	59.438802851678	3.798947474592
3	341	60.586722571814	0.403759923814
3	345	60.859271426262	0.410911671043
3	362	63.759001944282	2.745356421711
3	372	65.100297762566	2.538670535691
3	379	66.416785979546	2.166908551543
3	387	68.010175839093	3.075993730504
3	392	68.457603886504	2.992951905301
3	397	68.507034165642	1.143989261708
3	414	71.274680337325	9.849074866558
3	420	71.38587816894	1.273139875797
3	425	71.743926943424	1.119572761369
3	430	72.000802383427	1.303121403378
3	436	72.291590269524	3.484561629281
3	448	75.083756554675	5.821839191273
3	456	75.367589635999	3.029233596087
3	462	77.155689399685	3.075850639487
3	467	77.213765003488	3.031301581588
3	477	78.895109108183	3.540912960244
3	495	82.475557200378	4.540695727695
3	500	82.589054425862	2.97158784108
3	505	82.958789723163	3.025598283569
3	510	83.307544308189	2.417825808989
3	525	84.704922097613	6.627671545685
3	530	85.299919397081	1.674592723635
3	541	87.370087404365	3.54443969795
3	549	88.432706933228	4.177119431155
3	560	90.33988066457	4.043983528643
3	566	91.39994408892	4.492906658764
3	571	93.780943866001	6.08925037749
3	582	96.463517723235	7.292450652251
3	589	98.559912241923	9.027225100801
3	597	99.720250442905	4.811889534379
4	15	4.530428224701	3.451216571677
4	22	5.182127811435	1.554665682091
4	33	9.396866798728	5.769175894139
4	39	10.008433400689	6.106525334914
4	46	10.662839249793	6.040905688306
4	53	11.669781018733	6.066093141673
4	58	11.747695610033	4.596088192422
4	62	14.764244194747	3.866989443394
4	78	19.06859720885	1.270888282925
4	83	20.149097756203	2.271713071967
4	92	21.185866746755	2.936231484602
4	97	23.003373512305	4.546687545841
4	106	23.808119311178	3.553227181889
4	112	25.935566546714	5.240500727993
4	118	26.410778035501	3.361199034942
4	160	33.622052096983	1.577851759717
4	171	34.244320173384	1.984204442084
4	178	36.558785036523	2.773895599329
4	187	37.18138001185	3.29400196489
4	194	38.499055660051	1.711205244348
4	199	38.643653922786	1.560021906542
4	208	40.743083562892	2.471108880877
4	215	42.794361407153	3.574092416983
4	222	43.893878232384	3.77709045132
4	233	46.298516316329	5.327025195486
4	240	48.976794399736	5.226207160977
4	250	50.213782653512	4.508605968097
4	272	54.243613039817	4.013894564319
4	277	54.250852090041	2.972174096847
4	282	55.238514607984	1.006566835027
4	302	58.271480169692	2.311025791215
4	307	58.329606830041	2.337256986327
4	312	58.447605150273	1.828568796169
4	341	60.586722571814	0.403759923814
4	345	60.859271426262	0.410911671043
4	362	63.759001944282	2.745356421711
4	372	65.100297762566	2.538670535691
4	379	66.416785979546	2.166908551543
4	387	68.010175839093	3.075993730504
4	392	68.457603886504	2.992951905301
4	397	68.507034165642	1.143989261708
4	420	71.38587816894	1.273139875797
4	425	71.743926943424	1.119572761369
4	430	72.000802383427	1.303121403378
4	456	75.367589635999	3.029233596087
4	462	77.155689399685	3.075850639487
4	467	77.213765003488	3.031301581588
4	495	82.475557200378	4.540695727695
4	500	82.589054425862	2.97158784108
4	505	82.958789723163	3.025598283569
4	510	83.307544308189	2.417825808989
4	530	85.299919397081	1.674592723635
4	541	87.370087404365	3.54443969795
4	549	88.432706933228	4.177119431155
4	560	90.33988066457	4.043983528643
4	566	91.39994408892	4.492906658764
4	571	93.780943866001	6.08925037749
4	582	96.463517723235	7.292450652251
4	589	98.559912241923	9.027225100801
4	597	99.720250442905	4.811889534379
5	129	28.747645835419	5.256746391493
5	137	29.102793533157	1.289169329182
5	142	30.054551658375	1.289786013606
5	155	32.673669105986	1.203167667067
5	263	53.058287621417	9.044528504224
5	297	57.630315091815	8.056271041121
5	317	58.660744010915	8.821853017838
5	322	58.7290230375	6.499423021917
5	326	59.438802851678	3.798947474592
5	414	71.274680337325	9.849074866558
5	436	72.291590269524	3.484561629281
5	448	75.083756554675	5.821839191273
5	477	78.895109108183	3.540912960244
5	525	84.704922097613	6.627671545685

