version 2
run First-n4-13-20191125-12:37:04-4212
attr configname First-n4
attr datetime 20191125-12:37:04
attr experiment First-n4
attr inifile omnetpp.ini
attr iterationvars ""
attr iterationvarsf ""
attr measurement ""
attr network org.omnetpp.queueing.Pizza
attr processid 4212
attr repetition 13
attr replication ""
attr resultdir results_no_transient
attr runnumber 13
attr seedset 13
param **.PS.maxInventoriedPS 4
param **.U1.interArrivalTime exponential(2s)
param **.U2.interArrivalTime exponential(4s)
param **.PS.serviceTimeForInventoryU1 exponential(0.8s)
param **.PS.serviceTimeForInventoryU2 exponential(1.0s)
param **.PS.serviceTimeDirectU1 exponential(1.2s)
param **.PS.serviceTimeDirectU2 exponential(1.4s)
param **.PS.probabilityProducing 0.5
param **.CS.serviceTimeU1 exponential(0.8s)
param **.CS.serviceTimeU2 exponential(1.0s)

vector 0 Pizza.EntryQueueU1 queueLength:vector ETV
attr interpolationmode sample-hold
attr title "queue length, vector"
vector 1 Pizza.CS queueLength:vector ETV
attr interpolationmode sample-hold
attr title "queue length, vector"
vector 2 Pizza.EntryQueueU2 queueLength:vector ETV
attr interpolationmode sample-hold
attr title "queue length, vector"
vector 3 Pizza.sink lifeTime:vector ETV
attr interpolationmode none
attr title "lifetime of arrived jobs, vector"
attr unit s
vector 4 Pizza.sink lifeTimeU1:vector ETV
attr interpolationmode none
attr title "lifetime of arrived jobs, vector"
attr unit s
vector 5 Pizza.sink lifeTimeU2:vector ETV
attr interpolationmode none
attr title "lifetime of arrived jobs, vector"
attr unit s
0	0	0	0
0	5	3.549890252068	1
0	13	7.02760041119	2
0	15	8.239772737911	1
0	19	8.897239814039	2
0	22	9.499676164168	1
0	26	9.879426269775	2
0	28	10.588350967696	3
0	33	12.357285146252	2
0	43	12.962283266721	1
0	51	15.307673713546	2
0	52	15.344505705046	1
0	58	16.077209369926	2
0	63	17.343116959574	1
0	69	17.347486218277	2
0	71	18.028993887302	3
0	72	18.138149135907	2
0	77	19.301446417457	1
0	82	20.372261441754	0
0	111	22.168981711778	1
0	112	22.485885116337	0
0	116	22.803768018701	1
0	124	24.729030179353	2
0	126	24.881324206283	1
0	131	24.936572464379	0
0	142	25.312390787002	1
0	143	25.776395891949	0
0	147	26.901688195126	1
0	152	27.198655843786	2
0	155	27.527902035998	3
0	157	27.919249800181	4
0	158	27.957523383427	3
0	167	28.567728014482	2
0	174	29.046447744845	1
0	180	29.878027178805	0
0	186	30.198774781242	1
0	192	31.135831845883	0
0	290	45.964586235749	1
0	292	46.472339429016	2
0	294	47.239479027638	1
0	299	47.421600123537	0
0	306	47.482440322426	1
0	310	47.879535866263	2
0	313	49.391670262477	1
0	319	49.440925296242	2
0	320	49.626522200327	1
0	325	49.67429735806	0
0	338	51.895378000593	1
0	340	52.514752664507	0
0	357	57.69867777478	1
0	358	58.329625751939	0
0	379	61.090429710209	1
0	380	61.687677105357	0
0	386	62.455090305048	1
0	389	62.790501035586	0
0	427	70.783066735162	1
0	432	71.438151567499	0
0	438	71.787283557226	1
0	440	72.183522452394	2
0	442	72.356190119608	3
0	443	72.421178450653	2
0	448	72.685671083362	1
0	453	73.055397073935	0
0	457	73.769430593902	1
0	462	74.625951976846	0
0	466	75.173923147024	1
0	471	77.89921959888	0
0	475	78.89503963979	1
0	479	81.092469191498	0
0	486	82.125741073666	1
0	488	83.859191969777	0
0	511	87.016372419251	1
0	512	87.178579156609	0
0	526	89.647058756923	1
0	527	89.902263555032	0
1	0	0	0
2	0	0	0
2	7	3.739258279764	1
2	40	12.678316803355	2
2	42	12.71614619589	3
2	60	16.528526302615	4
2	62	16.658221015737	5
2	88	20.575489617211	6
2	89	21.321496919511	5
2	95	21.975199167455	4
2	100	21.97521120557	3
2	105	22.093461515115	2
2	120	23.708507966421	3
2	136	24.992839622635	2
2	166	28.349320078033	3
2	173	28.651393175901	4
2	188	30.730317081595	5
2	190	30.780443524487	6
2	198	31.304101820775	5
2	203	31.503887840533	4
2	213	33.562992477821	3
2	220	34.166736590801	2
2	225	34.39192482513	1
2	230	34.585181783992	0
2	251	39.564026091184	1
2	254	40.198248094007	0
2	260	40.544839166208	1
2	261	40.6738570851	0
2	351	56.810068854373	1
2	353	56.863222952229	2
2	364	58.506909091713	1
2	373	60.449575520301	0
2	429	71.094563015081	1
2	431	71.311822651892	2
2	459	74.232875084206	3
2	468	76.342028899281	4
2	493	84.754149319396	3
2	498	85.583276996222	2
2	505	86.771680643239	1
2	517	87.299793629534	0
2	567	99.067372816504	1
2	568	99.549798915769	0
3	17	8.239772737911	5.232296137202
3	24	9.499676164168	5.9497859121
3	35	12.357285146252	5.329684735062
3	45	12.962283266721	4.065043452682
3	54	15.344505705046	5.465079435271
3	65	17.343116959574	6.754765991878
3	74	18.138149135907	2.830475422361
3	79	19.301446417457	3.224237047531
3	84	20.372261441754	3.024775223477
3	91	21.321496919511	3.292503032209
3	97	21.975199167455	18.235940887691
3	102	21.97521120557	9.296894402215
3	107	22.093461515115	9.377315319225
3	114	22.485885116337	5.957358813722
3	128	24.881324206283	2.712342494505
3	133	24.936572464379	2.132804445678
3	138	24.992839622635	0.263809443282
3	145	25.776395891949	9.118174876212
3	160	27.957523383427	2.645132596425
3	169	28.567728014482	1.666039819356
3	176	29.046447744845	1.847791901059
3	182	29.878027178805	2.350125142807
3	194	31.135831845883	3.216582045702
3	200	31.304101820775	1.105327039533
3	205	31.503887840533	10.928398223322
3	215	33.562992477821	9.8544845114
3	222	34.166736590801	5.817416512768
3	227	34.39192482513	5.740531649229
3	232	34.585181783992	3.854864702397
3	237	35.3314494536	4.551005929113
3	244	38.713474895699	0.123478236226
3	256	40.198248094007	1.106864675187
3	263	40.6738570851	1.109830993916
3	267	40.759306105884	0.214466939676
3	274	41.880099943362	0.471097979524
3	282	44.347375043433	1.419707407027
3	296	47.239479027638	1.925581833332
3	301	47.421600123537	1.457013887788
3	315	49.391670262477	2.919330833461
3	322	49.626522200327	2.144081877901
3	327	49.67429735806	1.794761491797
3	331	50.174336497324	0.733411201082
3	342	52.514752664507	1.131778724401
3	346	56.079875782824	4.184497782231
3	360	58.329625751939	1.567582381171
3	366	58.506909091713	0.808231316933
3	375	60.449575520301	3.639506665928
3	382	61.687677105357	4.824454153128
3	391	62.790501035586	1.700071325377
3	395	62.849481574493	0.394391269445
3	402	63.675013258582	0.70923424068
3	409	63.904065521755	0.034166195512
3	416	66.561696206506	0.14075879459
3	434	71.438151567499	0.947990155682
3	445	72.421178450653	1.638111715491
3	450	72.685671083362	0.898387526136
3	455	73.055397073935	0.871874621541
3	464	74.625951976846	2.269761857238
3	473	77.89921959888	4.129789004978
3	481	81.092469191498	5.918546044474
3	490	83.859191969777	4.964152329987
3	495	84.754149319396	2.62840824573
3	500	85.583276996222	14.488713981141
3	507	86.771680643239	15.459857991347
3	514	87.178579156609	12.945704072403
3	519	87.299793629534	0.283421210283
3	529	89.902263555032	13.560234655751
3	533	89.95413039108	0.307071634157
3	541	90.301597342993	0.200976041312
3	549	92.733469912913	0.260980773146
3	560	95.326265031977	1.626163490604
3	570	99.549798915769	0.903497410728
4	17	8.239772737911	5.232296137202
4	24	9.499676164168	5.9497859121
4	35	12.357285146252	5.329684735062
4	45	12.962283266721	4.065043452682
4	54	15.344505705046	5.465079435271
4	65	17.343116959574	6.754765991878
4	74	18.138149135907	2.830475422361
4	79	19.301446417457	3.224237047531
4	84	20.372261441754	3.024775223477
4	91	21.321496919511	3.292503032209
4	128	24.881324206283	2.712342494505
4	133	24.936572464379	2.132804445678
4	138	24.992839622635	0.263809443282
4	160	27.957523383427	2.645132596425
4	169	28.567728014482	1.666039819356
4	176	29.046447744845	1.847791901059
4	182	29.878027178805	2.350125142807
4	194	31.135831845883	3.216582045702
4	200	31.304101820775	1.105327039533
4	244	38.713474895699	0.123478236226
4	282	44.347375043433	1.419707407027
4	296	47.239479027638	1.925581833332
4	301	47.421600123537	1.457013887788
4	315	49.391670262477	2.919330833461
4	322	49.626522200327	2.144081877901
4	327	49.67429735806	1.794761491797
4	331	50.174336497324	0.733411201082
4	342	52.514752664507	1.131778724401
4	346	56.079875782824	4.184497782231
4	360	58.329625751939	1.567582381171
4	366	58.506909091713	0.808231316933
4	391	62.790501035586	1.700071325377
4	395	62.849481574493	0.394391269445
4	402	63.675013258582	0.70923424068
4	409	63.904065521755	0.034166195512
4	416	66.561696206506	0.14075879459
4	434	71.438151567499	0.947990155682
4	445	72.421178450653	1.638111715491
4	450	72.685671083362	0.898387526136
4	455	73.055397073935	0.871874621541
4	464	74.625951976846	2.269761857238
4	473	77.89921959888	4.129789004978
4	481	81.092469191498	5.918546044474
4	490	83.859191969777	4.964152329987
4	495	84.754149319396	2.62840824573
4	519	87.299793629534	0.283421210283
4	533	89.95413039108	0.307071634157
4	541	90.301597342993	0.200976041312
4	549	92.733469912913	0.260980773146
4	560	95.326265031977	1.626163490604
4	570	99.549798915769	0.903497410728
5	97	21.975199167455	18.235940887691
5	102	21.97521120557	9.296894402215
5	107	22.093461515115	9.377315319225
5	114	22.485885116337	5.957358813722
5	145	25.776395891949	9.118174876212
5	205	31.503887840533	10.928398223322
5	215	33.562992477821	9.8544845114
5	222	34.166736590801	5.817416512768
5	227	34.39192482513	5.740531649229
5	232	34.585181783992	3.854864702397
5	237	35.3314494536	4.551005929113
5	256	40.198248094007	1.106864675187
5	263	40.6738570851	1.109830993916
5	267	40.759306105884	0.214466939676
5	274	41.880099943362	0.471097979524
5	375	60.449575520301	3.639506665928
5	382	61.687677105357	4.824454153128
5	500	85.583276996222	14.488713981141
5	507	86.771680643239	15.459857991347
5	514	87.178579156609	12.945704072403
5	529	89.902263555032	13.560234655751

