version 2
run First-n5-19-20191125-12:37:15-10236
attr configname First-n5
attr datetime 20191125-12:37:15
attr experiment First-n5
attr inifile omnetpp.ini
attr iterationvars ""
attr iterationvarsf ""
attr measurement ""
attr network org.omnetpp.queueing.Pizza
attr processid 10236
attr repetition 19
attr replication ""
attr resultdir results_no_transient
attr runnumber 19
attr seedset 19
param **.PS.maxInventoriedPS 5
param **.U1.interArrivalTime exponential(2s)
param **.U2.interArrivalTime exponential(4s)
param **.PS.serviceTimeForInventoryU1 exponential(0.8s)
param **.PS.serviceTimeForInventoryU2 exponential(1.0s)
param **.PS.serviceTimeDirectU1 exponential(1.2s)
param **.PS.serviceTimeDirectU2 exponential(1.4s)
param **.PS.probabilityProducing 0.5
param **.CS.serviceTimeU1 exponential(0.8s)
param **.CS.serviceTimeU2 exponential(1.0s)

vector 0 Pizza.EntryQueueU1 queueLength:vector ETV
attr interpolationmode sample-hold
attr title "queue length, vector"
vector 1 Pizza.CS queueLength:vector ETV
attr interpolationmode sample-hold
attr title "queue length, vector"
vector 2 Pizza.EntryQueueU2 queueLength:vector ETV
attr interpolationmode sample-hold
attr title "queue length, vector"
vector 3 Pizza.sink lifeTime:vector ETV
attr interpolationmode none
attr title "lifetime of arrived jobs, vector"
attr unit s
vector 4 Pizza.sink lifeTimeU1:vector ETV
attr interpolationmode none
attr title "lifetime of arrived jobs, vector"
attr unit s
vector 5 Pizza.sink lifeTimeU2:vector ETV
attr interpolationmode none
attr title "lifetime of arrived jobs, vector"
attr unit s
0	0	0	0
0	18	3.069921891541	1
0	20	3.086285159072	2
0	23	4.736737406642	1
0	28	5.37381641914	0
0	53	11.205233952584	1
0	55	12.844308025635	2
0	61	14.795016489315	1
0	67	15.118395584667	0
0	73	15.848687606472	1
0	75	16.106975685878	0
0	94	18.86817826995	1
0	96	18.989445115979	0
0	120	21.351298956876	1
0	121	22.489568038008	0
0	135	25.381425153379	1
0	140	27.886334367835	0
0	146	28.594281393071	1
0	148	28.890945957057	2
0	152	30.123742916845	1
0	157	30.146753890742	0
0	164	30.376577866637	1
0	165	32.884730275108	0
0	183	35.183238252066	1
0	184	35.412500822435	0
0	195	35.974320228324	1
0	199	36.212159182565	2
0	203	37.965200315211	3
0	207	38.905269559768	4
0	209	39.55820697254	5
0	212	39.916365943006	6
0	213	40.911474660891	5
0	218	41.75748022045	4
0	224	42.638239505946	5
0	225	42.657414765815	4
0	231	45.888844047232	3
0	238	46.536713367254	2
0	244	48.705517493143	1
0	250	48.970961248452	2
0	251	49.019185865568	1
0	257	50.067907067778	2
0	258	50.125116293085	1
0	263	50.672924669493	0
0	273	53.941040032184	1
0	275	54.121382457621	2
0	279	55.513496752548	1
0	286	57.560277265293	2
0	288	57.917819387205	3
0	293	59.305808067515	2
0	298	60.19260217945	1
0	303	63.126502163671	0
0	321	66.1188407021	1
0	322	66.344333308206	0
0	333	66.863101829667	1
0	335	68.512764291253	0
0	339	69.352312573811	1
0	342	70.614110423376	0
0	368	73.307589657531	1
0	370	73.697801081824	0
0	416	78.555705583892	1
0	417	78.583377840464	0
0	533	99.20883890709	1
0	534	99.597750486803	0
1	0	0	0
2	0	0	0
2	14	2.415940366881	1
2	16	2.916087520572	2
2	33	5.416346117344	1
2	39	6.095255105513	0
2	59	13.603930170597	1
2	80	16.749645085379	0
2	87	17.424389502535	1
2	90	18.182320270376	2
2	101	19.053144371675	1
2	107	19.15891329446	0
2	128	25.257535755845	1
2	129	25.332201814099	0
2	138	25.840691019943	1
2	170	33.310291851291	0
2	201	36.855156773352	1
2	205	38.107713731866	2
2	237	46.498631833756	3
2	267	51.900583121222	4
2	271	53.822218944619	5
2	277	54.164780664254	6
2	290	57.97967222676	7
2	292	58.705134073969	8
2	308	64.437952441187	7
2	314	64.951492589091	6
2	327	66.356407323129	5
2	349	71.501358012647	6
2	352	72.824238190717	5
2	357	72.882453692796	4
2	362	73.295187956937	3
2	375	73.805660802999	2
2	381	74.083615300185	1
2	386	74.458149340228	0
2	393	75.601569407799	1
2	394	76.699583328085	0
2	408	77.612375647658	1
2	409	77.768193692221	0
2	489	90.129984059056	1
2	490	90.59499394818	0
3	7	0.962921035824	0.757673385321
3	25	4.736737406642	2.48497457847
3	30	5.37381641914	2.303894527599
3	35	5.416346117344	2.330060958272
3	41	6.095255105513	3.679314738632
3	45	6.856009149263	3.939921628691
3	63	14.795016489315	5.307078448941
3	69	15.118395584667	3.913161632083
3	77	16.106975685878	3.262667660243
3	82	16.749645085379	0.900957478907
3	98	18.989445115979	5.385514945382
3	103	19.053144371675	0.184966101725
3	109	19.15891329446	1.734523791925
3	113	19.357045746519	1.174725476143
3	123	22.489568038008	2.628313155704
3	131	25.332201814099	3.980902857223
3	142	27.886334367835	2.62879861199
3	154	30.123742916845	4.742317763466
3	159	30.146753890742	1.552472497671
3	167	32.884730275108	3.993784318051
3	172	33.310291851291	2.933713984654
3	176	33.75886163225	7.918170612307
3	186	35.412500822435	0.464157367861
3	190	35.879610567996	0.69637231593
3	215	40.911474660891	4.941201376916
3	220	41.75748022045	5.783159992126
3	227	42.657414765815	6.44525558325
3	233	45.888844047232	7.923643732021
3	240	46.536713367254	7.631443807486
3	246	48.705517493143	9.147310520603
3	253	49.019185865568	9.102819922562
3	260	50.125116293085	7.486876787139
3	265	50.672924669493	1.701963421041
3	281	55.513496752548	5.44558968477
3	295	59.305808067515	5.364768035331
3	300	60.19260217945	6.071219721829
3	305	63.126502163671	5.566224898378
3	310	64.437952441187	6.520133053982
3	316	64.951492589091	28.096335815739
3	324	66.344333308206	28.23661957634
3	329	66.356407323129	0.237566621029
3	337	68.512764291253	22.014132457497
3	344	70.614110423376	3.751008593709
3	354	72.824238190717	3.471925616906
3	359	72.882453692796	20.981870571574
3	364	73.295187956937	19.472969012318
3	372	73.697801081824	19.53302041757
3	377	73.805660802999	0.498071145468
3	383	74.083615300185	16.103943073425
3	388	74.458149340228	15.753015266259
3	396	76.699583328085	5.198225315438
3	400	76.760005160044	1.158435752245
3	411	77.768193692221	0.447088645796
3	419	78.583377840464	0.971002192806
3	423	78.64606465782	0.090359073928
3	431	79.19334101403	0.392358985079
3	441	79.993020170468	0.034676080778
3	450	81.879777373257	0.900700223199
3	458	83.131913046277	0.717652352446
3	465	85.102453607503	0.212956378108
3	475	87.900896446278	1.803156449453
3	482	89.746116354636	0.068126890593
3	492	90.59499394818	0.671561902085
3	496	91.702806460027	1.572822400971
3	504	92.845715920505	0.118265478817
3	512	93.957459240958	0.177727665022
3	522	96.940906232034	0.093321481384
3	536	99.597750486803	0.424291303599
3	540	99.666791112461	0.457952205371
4	7	0.962921035824	0.757673385321
4	30	5.37381641914	2.303894527599
4	35	5.416346117344	2.330060958272
4	69	15.118395584667	3.913161632083
4	77	16.106975685878	3.262667660243
4	82	16.749645085379	0.900957478907
4	103	19.053144371675	0.184966101725
4	131	25.332201814099	3.980902857223
4	154	30.123742916845	4.742317763466
4	159	30.146753890742	1.552472497671
4	167	32.884730275108	3.993784318051
4	172	33.310291851291	2.933713984654
4	186	35.412500822435	0.464157367861
4	190	35.879610567996	0.69637231593
4	215	40.911474660891	4.941201376916
4	220	41.75748022045	5.783159992126
4	227	42.657414765815	6.44525558325
4	233	45.888844047232	7.923643732021
4	240	46.536713367254	7.631443807486
4	246	48.705517493143	9.147310520603
4	253	49.019185865568	9.102819922562
4	260	50.125116293085	7.486876787139
4	265	50.672924669493	1.701963421041
4	281	55.513496752548	5.44558968477
4	295	59.305808067515	5.364768035331
4	300	60.19260217945	6.071219721829
4	305	63.126502163671	5.566224898378
4	310	64.437952441187	6.520133053982
4	329	66.356407323129	0.237566621029
4	344	70.614110423376	3.751008593709
4	354	72.824238190717	3.471925616906
4	377	73.805660802999	0.498071145468
4	423	78.64606465782	0.090359073928
4	431	79.19334101403	0.392358985079
4	441	79.993020170468	0.034676080778
4	465	85.102453607503	0.212956378108
4	475	87.900896446278	1.803156449453
4	482	89.746116354636	0.068126890593
4	512	93.957459240958	0.177727665022
4	522	96.940906232034	0.093321481384
4	536	99.597750486803	0.424291303599
4	540	99.666791112461	0.457952205371
5	25	4.736737406642	2.48497457847
5	41	6.095255105513	3.679314738632
5	45	6.856009149263	3.939921628691
5	63	14.795016489315	5.307078448941
5	98	18.989445115979	5.385514945382
5	109	19.15891329446	1.734523791925
5	113	19.357045746519	1.174725476143
5	123	22.489568038008	2.628313155704
5	142	27.886334367835	2.62879861199
5	176	33.75886163225	7.918170612307
5	316	64.951492589091	28.096335815739
5	324	66.344333308206	28.23661957634
5	337	68.512764291253	22.014132457497
5	359	72.882453692796	20.981870571574
5	364	73.295187956937	19.472969012318
5	372	73.697801081824	19.53302041757
5	383	74.083615300185	16.103943073425
5	388	74.458149340228	15.753015266259
5	396	76.699583328085	5.198225315438
5	400	76.760005160044	1.158435752245
5	411	77.768193692221	0.447088645796
5	419	78.583377840464	0.971002192806
5	450	81.879777373257	0.900700223199
5	458	83.131913046277	0.717652352446
5	492	90.59499394818	0.671561902085
5	496	91.702806460027	1.572822400971
5	504	92.845715920505	0.118265478817

