version 2
run First-n3-0-20191125-12:36:47-3548
attr configname First-n3
attr datetime 20191125-12:36:47
attr experiment First-n3
attr inifile omnetpp.ini
attr iterationvars ""
attr iterationvarsf ""
attr measurement ""
attr network org.omnetpp.queueing.Pizza
attr processid 3548
attr repetition 0
attr replication ""
attr resultdir results_no_transient
attr runnumber 0
attr seedset 0
param **.PS.maxInventoriedPS 3
param **.U1.interArrivalTime exponential(2s)
param **.U2.interArrivalTime exponential(4s)
param **.PS.serviceTimeForInventoryU1 exponential(0.8s)
param **.PS.serviceTimeForInventoryU2 exponential(1.0s)
param **.PS.serviceTimeDirectU1 exponential(1.2s)
param **.PS.serviceTimeDirectU2 exponential(1.4s)
param **.PS.probabilityProducing 0.5
param **.CS.serviceTimeU1 exponential(0.8s)
param **.CS.serviceTimeU2 exponential(1.0s)

vector 0 Pizza.EntryQueueU1 queueLength:vector ETV
attr interpolationmode sample-hold
attr title "queue length, vector"
vector 1 Pizza.CS queueLength:vector ETV
attr interpolationmode sample-hold
attr title "queue length, vector"
vector 2 Pizza.EntryQueueU2 queueLength:vector ETV
attr interpolationmode sample-hold
attr title "queue length, vector"
vector 3 Pizza.sink lifeTime:vector ETV
attr interpolationmode none
attr title "lifetime of arrived jobs, vector"
attr unit s
vector 4 Pizza.sink lifeTimeU1:vector ETV
attr interpolationmode none
attr title "lifetime of arrived jobs, vector"
attr unit s
0	0	0	0
0	9	4.103610525227	1
0	12	5.205707498568	2
0	13	5.326445306984	1
0	18	6.063776078518	0
0	22	6.175963826011	1
0	24	6.812676107695	2
0	28	7.779880317592	3
0	34	10.713217096752	2
0	38	10.917672552838	3
0	40	11.065043263768	4
0	42	11.888199256253	5
0	44	12.070521308502	6
0	49	14.159746325118	7
0	50	14.313250344633	6
0	56	14.462208032448	7
0	58	15.745626377804	8
0	62	17.389427839946	7
0	68	18.956105491927	8
0	71	19.180136298742	7
0	75	19.207854310803	8
0	79	20.952496700887	9
0	81	22.721390930351	8
0	87	23.234746691976	7
0	93	23.795226061074	8
0	96	24.302978839675	7
0	100	25.01339090744	8
0	106	25.303946962024	9
0	109	25.51253403207	8
0	117	27.226708840156	9
0	119	28.422200993793	10
0	120	28.527122304283	9
0	124	29.313237983895	10
0	128	30.462302797377	11
0	129	30.623402044045	10
0	133	30.671425248927	11
0	138	31.545007697795	10
0	143	31.880341927759	9
0	148	33.908874803688	8
0	153	34.411956397583	7
0	161	37.671852617836	8
0	163	37.887122834148	9
0	164	38.668343047492	8
0	169	39.090235706363	7
0	173	40.002775660852	8
0	175	42.12026109104	9
0	177	43.864092798291	10
0	179	44.448253864825	11
0	181	45.518383218992	12
0	186	46.303847385912	11
0	191	46.609092060611	10
0	197	46.774266380974	11
0	198	46.784196537817	10
0	207	48.712478613278	9
0	214	49.963428754513	8
0	218	52.748646164678	9
0	221	54.757604078443	8
0	226	55.658565931582	7
0	233	56.788892230381	6
0	243	59.950119887527	5
0	249	60.246709083847	6
0	250	60.378027388133	5
0	256	61.321379009785	4
0	261	62.923971427791	3
0	269	63.516578588149	2
0	274	63.585994974021	1
0	278	65.254532650017	2
0	280	65.905213481075	3
0	282	66.672333909272	4
0	284	66.6911354106	5
0	287	66.878166659282	4
0	293	68.892827230782	5
0	295	69.576135564834	6
0	296	69.601329421487	5
0	302	70.191171012359	6
0	304	70.23179592995	7
0	305	70.487987867609	6
0	309	70.59230043392	7
0	311	71.515762226009	8
0	313	71.525175306994	9
0	315	71.841858319455	10
0	318	72.858654483189	9
0	324	74.1071266034	10
0	327	74.772788190097	9
0	331	74.78782007987	10
0	334	75.519488402377	9
0	339	77.274774096572	8
0	343	77.609868898459	9
0	345	78.114708884241	10
0	350	79.408850943421	9
0	358	82.557722681189	10
0	360	82.804775975913	11
0	361	83.198911483211	10
0	365	83.510816242461	11
0	371	85.847319366963	10
0	376	86.147910440888	9
0	380	86.872660651553	10
0	385	89.743234395909	9
0	390	91.64613047391	8
0	398	93.601401557655	9
0	400	94.606023154177	10
0	404	95.708815134445	11
0	405	96.142614807425	10
0	414	96.99702455109	11
0	415	97.173105358854	10
0	421	97.682223800486	11
0	425	98.279488724083	10
0	430	98.357026927744	9
0	436	98.802145940634	10
1	0	0	0
2	0	0	0
2	5	3.594241553936	1
2	26	7.287134079819	2
2	30	9.884919472822	3
2	61	16.573764274122	4
2	70	19.049482112629	5
2	95	24.150392921524	6
2	102	25.12658688447	7
2	104	25.202461161274	8
2	115	26.769544403981	9
2	137	31.350100222781	10
2	159	35.79249000553	11
2	204	48.564276573744	12
2	206	48.618934887467	13
2	211	49.027514413567	14
2	230	56.306790090705	15
2	242	58.706577637269	16
2	267	63.374071743464	17
2	322	73.316401171371	18
2	349	78.631432666372	19
2	356	81.001928776181	20
2	370	85.810883045167	21
2	382	86.960524949447	22
2	394	91.678056684026	23
2	396	92.726285650728	24
2	412	96.85747369331	25
2	424	98.216132623639	26
2	434	98.79842853743	27
3	15	5.326445306984	3.734696297852
3	20	6.063776078518	1.960165553291
3	36	10.713217096752	5.507509598184
3	52	14.313250344633	8.137286518622
3	64	17.389427839946	10.576751732251
3	73	19.180136298742	11.40025598115
3	83	22.721390930351	11.803718377513
3	89	23.234746691976	12.169703428208
3	98	24.302978839675	12.414779583422
3	111	25.51253403207	13.442012723568
3	122	28.527122304283	14.367375979165
3	131	30.623402044045	16.161194011597
3	140	31.545007697795	15.799381319991
3	145	31.880341927759	12.924236435832
3	150	33.908874803688	14.701020492885
3	155	34.411956397583	13.459459696696
3	166	38.668343047492	14.873116986418
3	171	39.090235706363	14.076844798923
3	188	46.303847385912	20.999900423888
3	193	46.609092060611	19.382383220455
3	200	46.784196537817	18.361995544024
3	209	48.712478613278	19.399240629383
3	216	49.963428754513	19.501125957136
3	223	54.757604078443	24.086178829516
3	228	55.658565931582	17.986713313746
3	235	56.788892230381	18.901769396233
3	245	59.950119887527	19.947344226675
3	252	60.378027388133	18.257766297093
3	258	61.321379009785	17.457286211494
3	263	62.923971427791	18.475717562966
3	271	63.516578588149	17.998195369157
3	276	63.585994974021	16.811728593047
3	289	66.878166659282	14.129520494604
3	298	69.601329421487	9.35462033764
3	307	70.487987867609	5.233455217592
3	320	72.858654483189	6.953441002114
3	329	74.772788190097	8.100454280825
3	336	75.519488402377	8.828352991777
3	341	77.274774096572	8.38194686579
3	352	79.408850943421	9.832715378587
3	363	83.198911483211	13.007740470852
3	373	85.847319366963	15.615523437013
3	378	86.147910440888	15.555610006968
3	387	89.743234395909	18.2274721699
3	392	91.64613047391	20.120955166916
3	407	96.142614807425	24.30075648797
3	417	97.173105358854	23.065978755454
3	427	98.279488724083	23.491668644213
3	432	98.357026927744	20.747158029285
4	15	5.326445306984	3.734696297852
4	20	6.063776078518	1.960165553291
4	36	10.713217096752	5.507509598184
4	52	14.313250344633	8.137286518622
4	64	17.389427839946	10.576751732251
4	73	19.180136298742	11.40025598115
4	83	22.721390930351	11.803718377513
4	89	23.234746691976	12.169703428208
4	98	24.302978839675	12.414779583422
4	111	25.51253403207	13.442012723568
4	122	28.527122304283	14.367375979165
4	131	30.623402044045	16.161194011597
4	140	31.545007697795	15.799381319991
4	145	31.880341927759	12.924236435832
4	150	33.908874803688	14.701020492885
4	155	34.411956397583	13.459459696696
4	166	38.668343047492	14.873116986418
4	171	39.090235706363	14.076844798923
4	188	46.303847385912	20.999900423888
4	193	46.609092060611	19.382383220455
4	200	46.784196537817	18.361995544024
4	209	48.712478613278	19.399240629383
4	216	49.963428754513	19.501125957136
4	223	54.757604078443	24.086178829516
4	228	55.658565931582	17.986713313746
4	235	56.788892230381	18.901769396233
4	245	59.950119887527	19.947344226675
4	252	60.378027388133	18.257766297093
4	258	61.321379009785	17.457286211494
4	263	62.923971427791	18.475717562966
4	271	63.516578588149	17.998195369157
4	276	63.585994974021	16.811728593047
4	289	66.878166659282	14.129520494604
4	298	69.601329421487	9.35462033764
4	307	70.487987867609	5.233455217592
4	320	72.858654483189	6.953441002114
4	329	74.772788190097	8.100454280825
4	336	75.519488402377	8.828352991777
4	341	77.274774096572	8.38194686579
4	352	79.408850943421	9.832715378587
4	363	83.198911483211	13.007740470852
4	373	85.847319366963	15.615523437013
4	378	86.147910440888	15.555610006968
4	387	89.743234395909	18.2274721699
4	392	91.64613047391	20.120955166916
4	407	96.142614807425	24.30075648797
4	417	97.173105358854	23.065978755454
4	427	98.279488724083	23.491668644213
4	432	98.357026927744	20.747158029285

