version 2
run First-n3-3-20191125-12:36:50-6332
attr configname First-n3
attr datetime 20191125-12:36:50
attr experiment First-n3
attr inifile omnetpp.ini
attr iterationvars ""
attr iterationvarsf ""
attr measurement ""
attr network org.omnetpp.queueing.Pizza
attr processid 6332
attr repetition 3
attr replication ""
attr resultdir results_no_transient
attr runnumber 3
attr seedset 3
param **.PS.maxInventoriedPS 3
param **.U1.interArrivalTime exponential(2s)
param **.U2.interArrivalTime exponential(4s)
param **.PS.serviceTimeForInventoryU1 exponential(0.8s)
param **.PS.serviceTimeForInventoryU2 exponential(1.0s)
param **.PS.serviceTimeDirectU1 exponential(1.2s)
param **.PS.serviceTimeDirectU2 exponential(1.4s)
param **.PS.probabilityProducing 0.5
param **.CS.serviceTimeU1 exponential(0.8s)
param **.CS.serviceTimeU2 exponential(1.0s)

vector 0 Pizza.EntryQueueU1 queueLength:vector ETV
attr interpolationmode sample-hold
attr title "queue length, vector"
vector 1 Pizza.CS queueLength:vector ETV
attr interpolationmode sample-hold
attr title "queue length, vector"
vector 2 Pizza.EntryQueueU2 queueLength:vector ETV
attr interpolationmode sample-hold
attr title "queue length, vector"
vector 3 Pizza.sink lifeTime:vector ETV
attr interpolationmode none
attr title "lifetime of arrived jobs, vector"
attr unit s
vector 4 Pizza.sink lifeTimeU2:vector ETV
attr interpolationmode none
attr title "lifetime of arrived jobs, vector"
attr unit s
vector 5 Pizza.sink lifeTimeU1:vector ETV
attr interpolationmode none
attr title "lifetime of arrived jobs, vector"
attr unit s
0	0	0	0
0	5	1.600564781785	1
0	7	2.288095598378	2
0	9	2.54678412136	3
0	12	3.43315566706	2
0	16	3.976864716075	3
0	18	4.014716680362	4
0	20	4.283117778383	5
0	22	4.366076235853	6
0	24	4.830553000791	7
0	28	5.400293863054	8
0	32	5.596735977928	9
0	36	6.640850610252	8
0	42	6.99029768227	7
0	47	7.009716986619	6
0	53	7.970466970357	7
0	57	9.180801071354	6
0	62	9.887511426961	5
0	70	11.069266314761	4
0	75	11.30754414352	3
0	83	12.62259038886	2
0	88	14.418874922452	1
0	92	15.242909753639	2
0	94	16.261200346703	3
0	98	17.089062883725	2
0	106	17.2108115726	3
0	107	17.741931042879	2
0	114	18.108281650121	3
0	115	18.187399106805	2
0	120	18.438330420683	1
0	124	19.374043114058	2
0	129	20.064080184436	3
0	130	20.415303407923	2
0	135	22.054104658184	1
0	141	22.237563825028	2
0	144	22.51667908842	1
0	150	22.888961804768	2
0	151	22.972489171547	1
0	155	23.020749593656	2
0	158	24.367108197899	1
0	164	26.059544353435	0
0	175	26.698969547739	1
0	177	27.459396413111	2
0	178	27.717093315588	1
0	182	28.394929061012	2
0	189	30.600981924658	3
0	190	30.625326735042	2
0	195	30.676129333401	1
0	203	32.075616207859	2
0	206	32.599863732211	3
0	211	33.91714579208	4
0	212	33.957192448412	3
0	217	34.683580261069	2
0	226	35.325861596376	3
0	227	36.763648796081	2
0	232	36.874409392117	1
0	237	36.973243998616	0
0	273	44.597365459608	1
0	274	44.919212532727	0
0	297	49.133668213119	1
0	298	49.152296660972	0
0	314	52.039842574021	1
0	318	52.665999137681	2
0	319	52.910796611318	1
0	324	53.066843322261	0
0	344	54.065357232189	1
0	345	54.19360989916	0
0	360	56.171427596064	1
0	362	56.208104172217	0
0	373	56.449166560773	1
0	375	58.222077859078	0
0	428	73.687740226623	1
0	430	74.021597990627	2
0	431	74.072586940596	1
0	436	75.045800396339	0
0	442	75.394596463337	1
0	445	77.337644645427	0
0	457	82.519040394701	1
0	460	84.777154409032	0
0	464	86.03796733599	1
0	467	86.487846125015	0
0	471	86.712564050918	1
0	474	88.460406636492	0
0	493	90.300342132441	1
0	494	90.559051915973	0
0	506	91.427441729975	1
0	507	92.148383416693	0
0	516	92.386511937427	1
0	520	94.440409930562	0
0	561	99.716941358402	1
1	0	0	0
2	0	0	0
2	26	5.219433132825	1
2	30	5.430788803539	2
2	51	7.755851531757	3
2	69	11.029369874195	4
2	104	17.091607846497	5
2	139	22.092592866874	6
2	169	26.548550663022	5
2	184	28.761449068806	6
2	201	31.449272361144	7
2	208	32.988953004993	8
2	244	37.193695067485	9
2	247	38.793047094976	10
2	248	39.404176612807	9
2	253	39.71054780441	8
2	259	40.58852519157	9
2	260	41.424128800427	8
2	266	43.553691608868	7
2	279	45.722579423465	6
2	286	47.858874511984	5
2	292	47.898728248991	6
2	295	48.80571663503	7
2	305	49.779795250917	6
2	310	50.134196857712	5
2	332	53.819403745068	4
2	337	53.869759505439	3
2	352	55.636252868547	2
2	367	56.405231767289	1
2	381	59.164143840004	0
2	440	75.111208202859	1
2	449	79.655007661874	2
2	451	80.572357283359	3
2	453	81.268090986375	4
2	455	82.368841152274	5
2	479	88.686063317762	4
2	485	89.21787186765	5
2	487	90.295787906994	4
2	500	91.383235551194	3
2	512	92.358344549834	2
2	525	95.404954088858	1
2	530	96.190421485791	0
2	538	96.76137616616	1
2	540	97.579359933851	0
2	554	99.148371580341	1
2	555	99.629634356561	0
3	14	3.43315566706	3.139753915202
3	38	6.640850610252	5.040285828467
3	44	6.99029768227	4.702202083892
3	49	7.009716986619	4.462932865259
3	59	9.180801071354	5.203936355279
3	64	9.887511426961	5.872794746599
3	72	11.069266314761	6.786148536378
3	77	11.30754414352	6.941467907667
3	85	12.62259038886	7.792037388069
3	90	14.418874922452	9.018581059398
3	100	17.089062883725	11.492326905797
3	109	17.741931042879	9.771464072522
3	117	18.187399106805	2.944489353166
3	122	18.438330420683	2.17713007398
3	132	20.415303407923	3.204491835323
3	137	22.054104658184	3.945823008063
3	146	22.51667908842	3.142635974362
3	153	22.972489171547	2.908408987111
3	160	24.367108197899	2.129544372871
3	166	26.059544353435	3.170582548667
3	171	26.548550663022	3.527801069366
3	180	27.717093315588	22.497660182763
3	192	30.625326735042	3.926357187303
3	197	30.676129333401	3.21673292029
3	214	33.957192448412	5.5622633874
3	219	34.683580261069	4.082598336411
3	229	36.763648796081	4.688032588222
3	234	36.874409392117	4.274545659906
3	239	36.973243998616	3.056098206536
3	250	39.404176612807	4.078315016431
3	255	39.71054780441	34.279759000871
3	262	41.424128800427	33.66827726867
3	268	43.553691608868	32.524321734673
3	276	44.919212532727	27.82760468623
3	281	45.722579423465	1.125213963857
3	288	47.858874511984	25.76628164511
3	300	49.152296660972	20.390847592166
3	307	49.779795250917	0.646127037798
3	312	50.134196857712	18.684924496568
3	321	52.910796611318	19.921843606325
3	326	53.066843322261	1.02700074824
3	334	53.819403745068	1.153404607387
3	339	53.869759505439	16.676064437954
3	347	54.19360989916	15.400562804184
3	354	55.636252868547	1.570895636358
3	364	56.208104172217	15.619578980647
3	369	56.405231767289	0.233804171225
3	377	58.222077859078	10.323349610087
3	383	59.164143840004	2.714977279231
3	387	59.579668261518	10.773951626488
3	397	63.294011230211	0.172015242791
3	405	69.842244681587	0.658579667459
3	412	70.015534704922	0.09968922109
3	420	71.859603486022	0.301291200734
3	433	74.072586940596	1.472862828175
3	438	75.045800396339	1.358060169716
3	447	77.337644645427	3.3160466548
3	462	84.777154409032	9.382557945695
3	469	86.487846125015	3.968805730314
3	476	88.460406636492	2.422439300502
3	481	88.686063317762	1.973499266844
3	489	90.295787906994	15.184579704135
3	496	90.559051915973	10.904044254099
3	502	91.383235551194	1.082893418753
3	509	92.148383416693	11.576026133334
3	514	92.358344549834	0.930902819859
3	522	94.440409930562	13.172318944187
3	527	95.404954088858	3.018442151431
3	532	96.190421485791	13.821580333517
3	542	97.579359933851	8.361488066201
3	546	98.278024402136	1.516648235976
3	557	99.629634356561	0.521474366877
4	14	3.43315566706	3.139753915202
4	180	27.717093315588	22.497660182763
4	255	39.71054780441	34.279759000871
4	262	41.424128800427	33.66827726867
4	268	43.553691608868	32.524321734673
4	276	44.919212532727	27.82760468623
4	288	47.858874511984	25.76628164511
4	300	49.152296660972	20.390847592166
4	312	50.134196857712	18.684924496568
4	321	52.910796611318	19.921843606325
4	339	53.869759505439	16.676064437954
4	347	54.19360989916	15.400562804184
4	364	56.208104172217	15.619578980647
4	377	58.222077859078	10.323349610087
4	387	59.579668261518	10.773951626488
4	397	63.294011230211	0.172015242791
4	412	70.015534704922	0.09968922109
4	489	90.295787906994	15.184579704135
4	496	90.559051915973	10.904044254099
4	509	92.148383416693	11.576026133334
4	522	94.440409930562	13.172318944187
4	532	96.190421485791	13.821580333517
4	542	97.579359933851	8.361488066201
4	546	98.278024402136	1.516648235976
5	38	6.640850610252	5.040285828467
5	44	6.99029768227	4.702202083892
5	49	7.009716986619	4.462932865259
5	59	9.180801071354	5.203936355279
5	64	9.887511426961	5.872794746599
5	72	11.069266314761	6.786148536378
5	77	11.30754414352	6.941467907667
5	85	12.62259038886	7.792037388069
5	90	14.418874922452	9.018581059398
5	100	17.089062883725	11.492326905797
5	109	17.741931042879	9.771464072522
5	117	18.187399106805	2.944489353166
5	122	18.438330420683	2.17713007398
5	132	20.415303407923	3.204491835323
5	137	22.054104658184	3.945823008063
5	146	22.51667908842	3.142635974362
5	153	22.972489171547	2.908408987111
5	160	24.367108197899	2.129544372871
5	166	26.059544353435	3.170582548667
5	171	26.548550663022	3.527801069366
5	192	30.625326735042	3.926357187303
5	197	30.676129333401	3.21673292029
5	214	33.957192448412	5.5622633874
5	219	34.683580261069	4.082598336411
5	229	36.763648796081	4.688032588222
5	234	36.874409392117	4.274545659906
5	239	36.973243998616	3.056098206536
5	250	39.404176612807	4.078315016431
5	281	45.722579423465	1.125213963857
5	307	49.779795250917	0.646127037798
5	326	53.066843322261	1.02700074824
5	334	53.819403745068	1.153404607387
5	354	55.636252868547	1.570895636358
5	369	56.405231767289	0.233804171225
5	383	59.164143840004	2.714977279231
5	405	69.842244681587	0.658579667459
5	420	71.859603486022	0.301291200734
5	433	74.072586940596	1.472862828175
5	438	75.045800396339	1.358060169716
5	447	77.337644645427	3.3160466548
5	462	84.777154409032	9.382557945695
5	469	86.487846125015	3.968805730314
5	476	88.460406636492	2.422439300502
5	481	88.686063317762	1.973499266844
5	502	91.383235551194	1.082893418753
5	514	92.358344549834	0.930902819859
5	527	95.404954088858	3.018442151431
5	557	99.629634356561	0.521474366877

