version 2
run First-n5-6-20191125-12:36:56-6152
attr configname First-n5
attr datetime 20191125-12:36:56
attr experiment First-n5
attr inifile omnetpp.ini
attr iterationvars ""
attr iterationvarsf ""
attr measurement ""
attr network org.omnetpp.queueing.Pizza
attr processid 6152
attr repetition 6
attr replication ""
attr resultdir results_no_transient
attr runnumber 6
attr seedset 6
param **.PS.maxInventoriedPS 5
param **.U1.interArrivalTime exponential(2s)
param **.U2.interArrivalTime exponential(4s)
param **.PS.serviceTimeForInventoryU1 exponential(0.8s)
param **.PS.serviceTimeForInventoryU2 exponential(1.0s)
param **.PS.serviceTimeDirectU1 exponential(1.2s)
param **.PS.serviceTimeDirectU2 exponential(1.4s)
param **.PS.probabilityProducing 0.5
param **.CS.serviceTimeU1 exponential(0.8s)
param **.CS.serviceTimeU2 exponential(1.0s)

vector 0 Pizza.EntryQueueU1 queueLength:vector ETV
attr interpolationmode sample-hold
attr title "queue length, vector"
vector 1 Pizza.CS queueLength:vector ETV
attr interpolationmode sample-hold
attr title "queue length, vector"
vector 2 Pizza.EntryQueueU2 queueLength:vector ETV
attr interpolationmode sample-hold
attr title "queue length, vector"
vector 3 Pizza.sink lifeTime:vector ETV
attr interpolationmode none
attr title "lifetime of arrived jobs, vector"
attr unit s
vector 4 Pizza.sink lifeTimeU1:vector ETV
attr interpolationmode none
attr title "lifetime of arrived jobs, vector"
attr unit s
vector 5 Pizza.sink lifeTimeU2:vector ETV
attr interpolationmode none
attr title "lifetime of arrived jobs, vector"
attr unit s
0	0	0	0
0	16	5.4836616119	1
0	17	5.708252767279	0
0	24	6.995394588346	1
0	25	7.593883598229	0
0	82	17.76022932419	1
0	83	18.2470689349	0
0	89	19.587846505739	1
0	92	20.121902830917	0
0	104	22.78510229409	1
0	105	23.236622262989	0
0	118	23.827217178926	1
0	122	24.917552720061	0
0	141	27.11575945142	1
0	146	27.763815602117	0
0	159	29.769811709195	1
0	162	31.991117765859	2
0	165	32.390031935395	3
0	167	33.144838647189	2
0	173	33.466081797925	3
0	174	34.228314606575	2
0	181	36.964881049784	1
0	186	37.534389293901	0
0	220	42.063729974731	1
0	223	42.201264944651	0
0	266	45.426267656284	1
0	268	46.073163772587	2
0	269	46.16595199809	1
0	275	47.849573238841	0
0	294	54.031112448753	1
0	296	54.083094974956	2
0	300	56.289165463822	3
0	301	56.524874535521	2
0	305	58.325738278195	3
0	309	59.987940115598	4
0	310	60.296927214277	3
0	314	61.3624730108	4
0	316	61.44981782727	5
0	320	62.116866401118	6
0	321	62.130187708818	5
0	325	62.144301184573	6
0	331	63.741499632905	7
0	339	68.066866552997	8
0	343	68.651217475349	7
0	352	69.900030594054	6
0	358	70.159138603335	5
0	363	70.318209297787	4
0	368	70.373670466781	3
0	374	70.485740852344	4
0	376	71.509888570846	5
0	377	71.795313003109	4
0	382	72.727341016691	3
0	390	73.988336732356	4
0	391	74.308802844275	3
0	397	75.940152544917	4
0	398	77.200488597285	3
0	403	77.404036678814	2
0	408	78.946704971692	1
0	412	79.006625493475	2
0	417	82.778533661944	1
0	422	83.824953244326	0
0	444	85.149459717799	1
0	446	86.608288805756	2
0	448	86.661803207888	3
0	451	87.778054179337	2
0	458	90.19899591515	1
0	463	90.239137648493	0
0	469	90.922808231094	1
0	471	92.23814945773	0
1	0	0	0
2	0	0	0
2	87	18.491403927261	1
2	98	22.602370857527	0
2	111	23.545334821742	1
2	112	23.600086031327	0
2	143	27.275830504738	1
2	150	28.422437801564	2
2	153	29.391825176509	1
2	178	35.859896102188	2
2	192	37.8757019348	1
2	198	38.445944705034	0
2	243	43.643029960739	1
2	244	43.783523053318	0
2	327	62.544213474926	1
2	329	63.711549254705	2
2	333	67.057742456377	3
2	335	67.537015379745	4
2	349	69.227506232249	5
2	351	69.758596048338	6
2	414	79.324468915427	7
2	427	84.438317717461	6
2	432	84.576931385217	5
2	438	85.057204891622	4
2	476	92.285468152406	3
2	481	92.346637391954	2
2	486	92.354589944992	1
2	491	92.668681834143	0
2	520	99.220489915831	1
2	523	99.742693783644	2
2	525	99.800332900173	3
3	7	4.78327863324	0.316038117612
3	19	5.708252767279	0.434138505596
3	27	7.593883598229	2.110221986329
3	31	7.813237092884	0.817842504538
3	42	10.565929884369	0.907815886608
3	50	11.945932567634	0.159986481006
3	57	12.968358457326	0.958354669344
3	65	13.157062082121	0.070926197992
3	75	15.274455484484	0.631184578532
3	85	18.2470689349	1.077230886691
3	94	20.121902830917	2.361673506727
3	100	22.602370857527	3.014524351788
3	107	23.236622262989	4.745218335728
3	114	23.600086031327	0.814983737237
3	124	24.917552720061	1.372217898319
3	128	25.458110090683	1.630892911757
3	135	26.104784572779	0.164469014779
3	148	27.763815602117	1.463409375246
3	155	29.391825176509	2.276065725089
3	169	33.144838647189	5.869008142451
3	176	34.228314606575	4.45850289738
3	183	36.964881049784	4.973763283925
3	188	37.534389293901	5.144357358506
3	194	37.8757019348	4.409620136875
3	200	38.445944705034	10.02350690347
3	204	38.624460011581	2.764563909393
3	213	39.360284967283	0.289836583841
3	225	42.201264944651	0.575494673794
3	229	42.942068257977	0.878338283246
3	236	43.107512795117	0.099573997503
3	246	43.783523053318	0.183050933612
3	250	43.82081848686	0.177788526121
3	259	44.53392399294	0.654001321854
3	271	46.16595199809	1.51881451802
3	277	47.849573238841	2.423305582557
3	281	48.007755028876	1.934591256289
3	289	50.418239132455	1.157897188065
3	303	56.524874535521	3.218238008484
3	312	60.296927214277	6.265814765524
3	323	62.130187708818	8.047092733862
3	345	68.651217475349	12.362052011527
3	354	69.900030594054	11.574292315859
3	360	70.159138603335	10.171198487737
3	365	70.318209297787	8.955736286987
3	370	70.373670466781	8.923852639511
3	379	71.795313003109	9.678446601991
3	384	72.727341016691	10.583039832118
3	393	74.308802844275	10.56730321137
3	400	77.200488597285	9.133622044288
3	405	77.404036678814	6.91829582647
3	410	78.946704971692	7.436816400846
3	419	82.778533661944	8.790196929588
3	424	83.824953244326	7.884800699409
3	429	84.438317717461	5.431692223986
3	434	84.576931385217	22.032717910291
3	440	85.057204891622	21.345655636917
3	453	87.778054179337	20.72031172296
3	460	90.19899591515	5.049536197351
3	465	90.239137648493	3.630848842737
3	473	92.23814945773	5.576346249842
3	478	92.285468152406	1.362659921312
3	483	92.346637391954	24.809622012209
3	488	92.354589944992	23.127083712743
3	493	92.668681834143	22.910085785805
3	498	93.864209233168	14.539740317741
3	506	95.481752568293	0.157933238771
3	513	96.048949366973	0.224396649754
4	7	4.78327863324	0.316038117612
4	19	5.708252767279	0.434138505596
4	27	7.593883598229	2.110221986329
4	31	7.813237092884	0.817842504538
4	42	10.565929884369	0.907815886608
4	65	13.157062082121	0.070926197992
4	75	15.274455484484	0.631184578532
4	85	18.2470689349	1.077230886691
4	94	20.121902830917	2.361673506727
4	100	22.602370857527	3.014524351788
4	114	23.600086031327	0.814983737237
4	128	25.458110090683	1.630892911757
4	148	27.763815602117	1.463409375246
4	155	29.391825176509	2.276065725089
4	176	34.228314606575	4.45850289738
4	183	36.964881049784	4.973763283925
4	188	37.534389293901	5.144357358506
4	194	37.8757019348	4.409620136875
4	225	42.201264944651	0.575494673794
4	229	42.942068257977	0.878338283246
4	236	43.107512795117	0.099573997503
4	246	43.783523053318	0.183050933612
4	259	44.53392399294	0.654001321854
4	271	46.16595199809	1.51881451802
4	277	47.849573238841	2.423305582557
4	281	48.007755028876	1.934591256289
4	289	50.418239132455	1.157897188065
4	303	56.524874535521	3.218238008484
4	312	60.296927214277	6.265814765524
4	323	62.130187708818	8.047092733862
4	345	68.651217475349	12.362052011527
4	354	69.900030594054	11.574292315859
4	360	70.159138603335	10.171198487737
4	365	70.318209297787	8.955736286987
4	370	70.373670466781	8.923852639511
4	379	71.795313003109	9.678446601991
4	384	72.727341016691	10.583039832118
4	393	74.308802844275	10.56730321137
4	400	77.200488597285	9.133622044288
4	405	77.404036678814	6.91829582647
4	410	78.946704971692	7.436816400846
4	419	82.778533661944	8.790196929588
4	424	83.824953244326	7.884800699409
4	429	84.438317717461	5.431692223986
4	460	90.19899591515	5.049536197351
4	465	90.239137648493	3.630848842737
4	473	92.23814945773	5.576346249842
4	478	92.285468152406	1.362659921312
4	513	96.048949366973	0.224396649754
5	50	11.945932567634	0.159986481006
5	57	12.968358457326	0.958354669344
5	107	23.236622262989	4.745218335728
5	124	24.917552720061	1.372217898319
5	135	26.104784572779	0.164469014779
5	169	33.144838647189	5.869008142451
5	200	38.445944705034	10.02350690347
5	204	38.624460011581	2.764563909393
5	213	39.360284967283	0.289836583841
5	250	43.82081848686	0.177788526121
5	434	84.576931385217	22.032717910291
5	440	85.057204891622	21.345655636917
5	453	87.778054179337	20.72031172296
5	483	92.346637391954	24.809622012209
5	488	92.354589944992	23.127083712743
5	493	92.668681834143	22.910085785805
5	498	93.864209233168	14.539740317741
5	506	95.481752568293	0.157933238771

