version 2
run First-n2-17-20191125-12:37:10-9836
attr configname First-n2
attr datetime 20191125-12:37:10
attr experiment First-n2
attr inifile omnetpp.ini
attr iterationvars ""
attr iterationvarsf ""
attr measurement ""
attr network org.omnetpp.queueing.Pizza
attr processid 9836
attr repetition 17
attr replication ""
attr resultdir results_no_transient
attr runnumber 17
attr seedset 17
param **.PS.maxInventoriedPS 2
param **.U1.interArrivalTime exponential(2s)
param **.U2.interArrivalTime exponential(4s)
param **.PS.serviceTimeForInventoryU1 exponential(0.8s)
param **.PS.serviceTimeForInventoryU2 exponential(1.0s)
param **.PS.serviceTimeDirectU1 exponential(1.2s)
param **.PS.serviceTimeDirectU2 exponential(1.4s)
param **.PS.probabilityProducing 0.5
param **.CS.serviceTimeU1 exponential(0.8s)
param **.CS.serviceTimeU2 exponential(1.0s)

vector 0 Pizza.EntryQueueU1 queueLength:vector ETV
attr interpolationmode sample-hold
attr title "queue length, vector"
vector 1 Pizza.CS queueLength:vector ETV
attr interpolationmode sample-hold
attr title "queue length, vector"
vector 2 Pizza.EntryQueueU2 queueLength:vector ETV
attr interpolationmode sample-hold
attr title "queue length, vector"
vector 3 Pizza.sink lifeTime:vector ETV
attr interpolationmode none
attr title "lifetime of arrived jobs, vector"
attr unit s
vector 4 Pizza.sink lifeTimeU1:vector ETV
attr interpolationmode none
attr title "lifetime of arrived jobs, vector"
attr unit s
vector 5 Pizza.sink lifeTimeU2:vector ETV
attr interpolationmode none
attr title "lifetime of arrived jobs, vector"
attr unit s
0	0	0	0
0	9	2.210708385975	1
0	11	2.351339497469	2
0	15	3.783911004085	1
0	20	4.113174257508	0
0	24	5.639619000026	1
0	28	6.525372369066	2
0	30	6.649218235706	3
0	31	7.557453343831	2
0	35	8.339100524735	3
0	37	8.408931952725	4
0	44	10.486816781568	3
0	49	10.771738652399	2
0	57	11.847366126743	1
0	62	12.250773830501	0
0	68	12.6048033868	1
0	69	12.622399173048	0
0	80	13.689038294465	1
0	82	14.119844397643	0
0	105	16.529975669188	1
0	106	16.606096744671	0
0	117	18.089792734033	1
0	120	19.24946732759	0
0	132	21.480752469582	1
0	134	23.027875967122	0
0	145	24.202604384022	1
0	148	25.236540581076	0
0	159	27.998722932346	1
0	161	29.469309150026	2
0	163	30.305275424714	3
0	169	31.663261752663	4
0	173	32.594233505991	5
0	174	33.464880203711	4
0	179	34.023790851764	3
0	184	34.072797574145	2
0	193	35.635114579633	3
0	195	35.666755944135	4
0	199	36.547258182909	5
0	200	36.85963793698	4
0	205	37.339931456657	3
0	210	41.789811960749	2
0	217	42.604810537916	1
0	222	44.057011930404	0
0	226	44.070266325507	1
0	228	44.242985122873	2
0	232	45.239989591078	3
0	233	45.334363537062	2
0	238	46.733845005495	1
0	245	48.777819005566	0
0	251	49.151249390263	1
0	255	49.497904596405	2
0	258	50.132337226692	1
0	264	51.297414453351	0
0	291	57.386423940197	1
0	292	57.751875611636	0
0	315	61.483038373379	1
0	316	62.277805004438	0
0	346	65.399073367846	1
0	347	65.812589727269	0
0	372	71.695629508666	1
0	375	72.833392433919	0
0	388	74.021494317149	1
0	389	74.819306295039	0
0	405	76.086728427179	1
0	407	76.454373801946	0
0	422	82.366398472382	1
0	424	82.90221464925	2
0	428	83.827579784473	3
0	430	83.880791274991	4
0	432	84.775267701757	5
0	434	85.13873908323	6
0	436	85.508685504158	7
0	439	85.883798832081	6
0	444	86.189641583345	5
0	448	87.139122779093	6
0	455	88.118242058295	5
0	461	89.202908738525	4
0	466	89.50986774966	3
0	473	91.082042063253	2
0	477	91.984909557438	3
0	480	93.870988582064	2
0	486	96.138839022079	3
0	490	97.497477215611	4
0	491	97.835836704437	3
0	495	97.961770379396	4
0	498	99.310770789667	3
1	0	0	0
2	0	0	0
2	5	0.802485226615	1
2	7	1.652886462415	2
2	43	10.440918691762	3
2	53	10.947997316863	4
2	73	12.846319672934	5
2	78	13.467810350402	6
2	88	14.69460393877	5
2	94	15.645527454659	4
2	99	16.432982179761	3
2	111	16.706975794433	2
2	119	18.531730796658	3
2	126	19.742228594409	2
2	139	23.142922074561	1
2	147	24.915206916393	2
2	155	26.645645813209	1
2	171	31.986709264809	2
2	191	35.449898999783	3
2	197	36.169528505406	4
2	216	42.520129366858	5
2	242	47.686297477147	6
2	253	49.295964989336	7
2	257	49.56107025439	8
2	270	51.979335020219	7
2	276	51.979692575553	8
2	277	52.704345650387	7
2	285	57.127749745619	6
2	297	58.668365494926	5
2	304	59.510867646255	6
2	307	60.099080053649	7
2	308	60.403479925247	6
2	322	62.599053358365	7
2	324	63.009327579681	6
2	330	63.107598704707	7
2	331	63.605257432674	6
2	337	63.768380498745	7
2	339	64.284703585754	6
2	353	66.678259788615	5
2	357	67.021244913943	6
2	361	68.499352283926	7
2	363	69.023229307947	8
2	364	70.904546152507	7
2	370	71.660954730752	8
2	380	73.29591874599	7
2	386	73.728155105711	8
2	394	74.893086445182	7
2	399	75.207634762402	6
2	413	81.068905571258	5
2	418	81.622709090792	4
2	426	83.610178756627	5
2	450	87.280418240608	6
2	452	87.999511165612	7
2	484	95.940484658482	8
3	17	3.783911004085	3.085746166951
3	22	4.113174257508	1.902465871533
3	33	7.557453343831	5.206113846362
3	46	10.486816781568	4.847197781542
3	51	10.771738652399	4.246366283333
3	59	11.847366126743	5.198147891037
3	64	12.250773830501	3.911673305766
3	71	12.622399173048	4.213467220323
3	84	14.119844397643	1.515041010843
3	90	14.69460393877	1.005565644305
3	96	15.645527454659	14.843042228044
3	101	16.432982179761	14.780095717346
3	108	16.606096744671	6.165178052909
3	113	16.706975794433	0.177000125245
3	122	19.24946732759	8.301470010727
3	128	19.742228594409	1.652435860376
3	136	23.027875967122	10.181556294188
3	141	23.142922074561	1.662169604979
3	150	25.236540581076	11.768730230674
3	157	26.645645813209	2.443041429187
3	176	33.464880203711	14.933149407053
3	181	34.023790851764	6.025067919418
3	186	34.072797574145	4.603488424119
3	202	36.85963793698	6.554362512266
3	207	37.339931456657	5.676669703994
3	212	41.789811960749	9.195578454758
3	219	42.604810537916	6.969695958283
3	224	44.057011930404	8.390255986269
3	235	45.334363537062	8.787105354153
3	240	46.733845005495	2.663578679988
3	247	48.777819005566	4.534833882693
3	260	50.132337226692	4.892347635614
3	266	51.297414453351	2.146165063088
3	272	51.979335020219	2.481430423814
3	279	52.704345650387	27.789138733994
3	287	57.127749745619	25.14104048081
3	294	57.751875611636	22.301976611853
3	299	58.668365494926	1.281941554729
3	310	60.403479925247	24.233951419841
3	318	62.277805004438	19.75767563758
3	326	63.009327579681	1.526289206302
3	333	63.605257432674	15.918959955527
3	341	64.284703585754	14.988738596418
3	349	65.812589727269	16.251519472879
3	355	66.678259788615	1.279186420769
3	366	70.904546152507	18.924853576954
3	377	72.833392433919	13.322524787664
3	382	73.29591874599	1.600289237324
3	391	74.819306295039	14.72022624139
3	396	74.893086445182	0.871592128033
3	401	75.207634762402	12.608581404037
3	409	76.454373801946	13.346775097239
3	415	81.068905571258	4.982177144079
3	420	81.622709090792	17.854328592047
3	441	85.883798832081	18.862553918138
3	446	86.189641583345	3.823243110963
3	457	88.118242058295	5.216027409045
3	463	89.202908738525	5.375328954052
3	468	89.50986774966	5.629076474669
3	475	91.082042063253	6.306774361496
3	482	93.870988582064	8.732249498834
3	493	97.835836704437	12.327151200279
3	500	99.310770789667	12.171648010574
4	17	3.783911004085	3.085746166951
4	22	4.113174257508	1.902465871533
4	33	7.557453343831	5.206113846362
4	46	10.486816781568	4.847197781542
4	51	10.771738652399	4.246366283333
4	59	11.847366126743	5.198147891037
4	64	12.250773830501	3.911673305766
4	71	12.622399173048	4.213467220323
4	84	14.119844397643	1.515041010843
4	90	14.69460393877	1.005565644305
4	113	16.706975794433	0.177000125245
4	128	19.742228594409	1.652435860376
4	141	23.142922074561	1.662169604979
4	157	26.645645813209	2.443041429187
4	181	34.023790851764	6.025067919418
4	186	34.072797574145	4.603488424119
4	202	36.85963793698	6.554362512266
4	207	37.339931456657	5.676669703994
4	212	41.789811960749	9.195578454758
4	219	42.604810537916	6.969695958283
4	224	44.057011930404	8.390255986269
4	235	45.334363537062	8.787105354153
4	240	46.733845005495	2.663578679988
4	247	48.777819005566	4.534833882693
4	260	50.132337226692	4.892347635614
4	266	51.297414453351	2.146165063088
4	272	51.979335020219	2.481430423814
4	299	58.668365494926	1.281941554729
4	326	63.009327579681	1.526289206302
4	355	66.678259788615	1.279186420769
4	382	73.29591874599	1.600289237324
4	396	74.893086445182	0.871592128033
4	415	81.068905571258	4.982177144079
4	446	86.189641583345	3.823243110963
4	457	88.118242058295	5.216027409045
4	463	89.202908738525	5.375328954052
4	468	89.50986774966	5.629076474669
4	475	91.082042063253	6.306774361496
4	482	93.870988582064	8.732249498834
4	493	97.835836704437	12.327151200279
4	500	99.310770789667	12.171648010574
5	96	15.645527454659	14.843042228044
5	101	16.432982179761	14.780095717346
5	108	16.606096744671	6.165178052909
5	122	19.24946732759	8.301470010727
5	136	23.027875967122	10.181556294188
5	150	25.236540581076	11.768730230674
5	176	33.464880203711	14.933149407053
5	279	52.704345650387	27.789138733994
5	287	57.127749745619	25.14104048081
5	294	57.751875611636	22.301976611853
5	310	60.403479925247	24.233951419841
5	318	62.277805004438	19.75767563758
5	333	63.605257432674	15.918959955527
5	341	64.284703585754	14.988738596418
5	349	65.812589727269	16.251519472879
5	366	70.904546152507	18.924853576954
5	377	72.833392433919	13.322524787664
5	391	74.819306295039	14.72022624139
5	401	75.207634762402	12.608581404037
5	409	76.454373801946	13.346775097239
5	420	81.622709090792	17.854328592047
5	441	85.883798832081	18.862553918138

