version 2
run First-n3-14-20191125-12:37:06-9064
attr configname First-n3
attr datetime 20191125-12:37:06
attr experiment First-n3
attr inifile omnetpp.ini
attr iterationvars ""
attr iterationvarsf ""
attr measurement ""
attr network org.omnetpp.queueing.Pizza
attr processid 9064
attr repetition 14
attr replication ""
attr resultdir results_no_transient
attr runnumber 14
attr seedset 14
param **.PS.maxInventoriedPS 3
param **.U1.interArrivalTime exponential(2s)
param **.U2.interArrivalTime exponential(4s)
param **.PS.serviceTimeForInventoryU1 exponential(0.8s)
param **.PS.serviceTimeForInventoryU2 exponential(1.0s)
param **.PS.serviceTimeDirectU1 exponential(1.2s)
param **.PS.serviceTimeDirectU2 exponential(1.4s)
param **.PS.probabilityProducing 0.5
param **.CS.serviceTimeU1 exponential(0.8s)
param **.CS.serviceTimeU2 exponential(1.0s)

vector 0 Pizza.EntryQueueU1 queueLength:vector ETV
attr interpolationmode sample-hold
attr title "queue length, vector"
vector 1 Pizza.CS queueLength:vector ETV
attr interpolationmode sample-hold
attr title "queue length, vector"
vector 2 Pizza.EntryQueueU2 queueLength:vector ETV
attr interpolationmode sample-hold
attr title "queue length, vector"
vector 3 Pizza.sink lifeTime:vector ETV
attr interpolationmode none
attr title "lifetime of arrived jobs, vector"
attr unit s
vector 4 Pizza.sink lifeTimeU1:vector ETV
attr interpolationmode none
attr title "lifetime of arrived jobs, vector"
attr unit s
vector 5 Pizza.sink lifeTimeU2:vector ETV
attr interpolationmode none
attr title "lifetime of arrived jobs, vector"
attr unit s
0	0	0	0
0	36	7.626999046764	1
0	38	8.121256100938	2
0	40	8.592762200753	3
0	43	9.015562409945	2
0	47	9.290477850807	3
0	53	12.082512191556	4
0	56	14.807052354365	3
0	61	15.550341021095	2
0	68	18.662060041799	1
0	72	19.533082634406	2
0	74	19.783352831826	3
0	79	21.125440150436	2
0	89	21.923402854585	3
0	90	22.223555706012	2
0	96	23.178123964034	1
0	101	23.346580836548	0
0	122	24.636962172741	1
0	124	25.316049656925	2
0	125	25.66949243822	1
0	131	26.732722597439	0
0	153	28.541120584351	1
0	155	29.88324860689	0
0	171	31.193327856406	1
0	173	31.525497284695	2
0	174	31.911568600339	1
0	180	32.359962821765	0
0	200	35.971673903778	1
0	201	36.061772008481	0
0	223	39.054376270798	1
0	225	39.802801226977	2
0	227	39.957989197473	3
0	231	40.978263744775	4
0	234	41.172631449031	5
0	235	41.582702116027	4
0	243	42.217989634921	3
0	248	44.131922976781	2
0	254	44.481648942274	1
0	260	45.676809167179	0
0	271	46.467784097032	1
0	272	47.239879902702	0
0	276	48.200122006164	1
0	279	51.792645876141	0
0	306	54.013646046543	1
0	308	54.73313366426	2
0	309	56.221532434887	1
0	315	56.514643600728	2
0	317	56.726971639429	3
0	318	57.300162610669	2
0	324	58.184265054457	1
0	329	58.243397712558	0
0	333	58.830260474336	1
0	335	59.116487882333	2
0	337	59.275107133133	3
0	339	59.403935658355	4
0	345	59.865980352469	5
0	346	60.301566380947	4
0	351	60.877014420305	3
0	355	60.930436755927	4
0	357	61.993170135288	5
0	360	64.579011298091	4
0	366	64.871114199332	5
0	369	65.177921393868	4
0	373	65.826567116078	5
0	376	66.209630411794	4
0	380	66.352360925788	5
0	383	67.41163034016	4
0	391	68.122768883266	3
0	396	69.635290124213	2
0	402	72.183911295269	3
0	407	74.467517831971	2
0	415	77.122890887515	3
0	416	77.302003759135	2
0	424	77.776613869751	3
0	425	77.84198635129	2
0	431	79.963491629883	1
0	436	80.203385042422	0
0	447	80.858914968664	1
0	449	80.94537381729	2
0	450	81.20746401264	1
0	458	82.962939254246	0
0	496	87.318431602767	1
0	497	87.638723769775	0
0	510	88.824158729191	1
0	511	88.84717587832	0
0	525	89.953273433754	1
0	530	91.226424094576	0
0	544	93.364649707099	1
0	545	93.389521382022	0
0	553	95.69451407708	1
0	554	95.700632995363	0
1	0	0	0
2	0	0	0
2	49	10.198724837328	1
2	51	11.226481556374	2
2	65	16.987608747044	3
2	87	21.458015204997	4
2	106	23.51499425205	3
2	111	23.957282123322	2
2	116	23.997962901758	1
2	136	26.895165124364	0
2	161	30.0565114901	1
2	164	30.707399681748	2
2	165	31.007198475765	1
2	186	32.639261363707	0
2	242	41.87075978586	1
2	265	46.185515890224	0
2	288	52.804660428928	1
2	289	53.250452007562	0
2	295	53.517030691194	1
2	297	53.545381006997	2
2	299	53.621855353828	1
2	341	59.483304277009	2
2	368	65.174304750445	3
2	390	67.787132999871	4
2	400	71.664519607267	5
2	406	73.9029645333	6
2	411	74.774048568015	7
2	420	77.68160323002	8
2	441	80.604297010249	7
2	454	81.387871567396	8
2	465	85.137193566761	7
2	472	85.818300742269	6
2	478	86.082558089094	5
2	484	86.752153046998	4
2	489	86.894047410253	3
2	502	87.885665792902	2
2	516	89.273190142589	1
2	521	89.617727456153	0
2	527	90.445429605203	1
2	535	91.711004851776	0
2	542	93.015900113512	1
2	559	96.103866607203	0
2	566	98.094869656278	1
2	568	98.379686268642	2
2	569	98.476360620516	1
2	574	98.751834758263	0
3	7	2.740669890449	1.29780973762
3	16	4.716439596079	0.306514206635
3	24	5.824542310142	0.912574689697
3	31	6.806664772653	0.345927719878
3	45	9.015562409945	1.716950570438
3	58	14.807052354365	7.180053307601
3	63	15.550341021095	7.429084920157
3	70	18.662060041799	10.069297841046
3	81	21.125440150436	11.834962299629
3	92	22.223555706012	10.141043514456
3	98	23.178123964034	3.645041329628
3	103	23.346580836548	3.563228004722
3	108	23.51499425205	1.591591397465
3	113	23.957282123322	13.758557285994
3	118	23.997962901758	12.771481345384
3	127	25.66949243822	8.681883691176
3	133	26.732722597439	2.095760424698
3	138	26.895165124364	1.579115467439
3	143	27.479330942991	6.021315737994
3	157	29.88324860689	1.908567661332
3	167	31.007198475765	2.466077891414
3	176	31.911568600339	1.855057110239
3	182	32.359962821765	1.166634965359
3	188	32.639261363707	1.113764079012
3	192	33.348717089635	2.641317407887
3	203	36.061772008481	1.665739756517
3	209	36.564880229844	0.593206326066
3	216	38.751781346128	0.25944137923
3	237	41.582702116027	2.671238176418
3	245	42.217989634921	3.163613364123
3	250	44.131922976781	4.329121749804
3	256	44.481648942274	4.523659744801
3	262	45.676809167179	4.698545422404
3	267	46.185515890224	5.012884441193
3	274	47.239879902702	5.369120116842
3	281	51.792645876141	5.324861779109
3	291	53.250452007562	5.050330001398
3	301	53.621855353828	0.8171949249
3	311	56.221532434887	2.704501743693
3	320	57.300162610669	3.286516564126
3	326	58.184265054457	3.451131390197
3	331	58.243397712558	1.72875411183
3	348	60.301566380947	3.574594741518
3	353	60.877014420305	2.046753945969
3	362	64.579011298091	5.462523415758
3	371	65.177921393868	5.902814260735
3	378	66.209630411794	6.805694753439
3	385	67.41163034016	7.545649987691
3	393	68.122768883266	7.192332127339
3	398	69.635290124213	7.642119988925
3	409	74.467517831971	9.596403632639
3	418	77.302003759135	11.475436643057
3	427	77.84198635129	11.489625425502
3	433	79.963491629883	7.779580334614
3	438	80.203385042422	3.080494154907
3	443	80.604297010249	2.827683140498
3	452	81.20746401264	27.662083005643
3	460	82.962939254246	2.104024285582
3	467	85.137193566761	4.191819749471
3	474	85.818300742269	26.33499646526
3	480	86.082558089094	20.908253338649
3	486	86.752153046998	18.965020047127
3	491	86.894047410253	15.229527802986
3	499	87.638723769775	13.735759236475
3	504	87.885665792902	0.567234190135
3	513	88.84717587832	14.073127310305
3	518	89.273190142589	0.449031413398
3	523	89.617727456153	11.936124226133
3	532	91.226424094576	9.83855252718
3	537	91.711004851776	1.757731418022
3	547	93.389521382022	2.944091776819
3	556	95.700632995363	2.335983288264
3	561	96.103866607203	0.409352530123
3	571	98.476360620516	5.460460507004
3	576	98.751834758263	0.656965101985
4	7	2.740669890449	1.29780973762
4	16	4.716439596079	0.306514206635
4	24	5.824542310142	0.912574689697
4	31	6.806664772653	0.345927719878
4	45	9.015562409945	1.716950570438
4	58	14.807052354365	7.180053307601
4	63	15.550341021095	7.429084920157
4	70	18.662060041799	10.069297841046
4	81	21.125440150436	11.834962299629
4	92	22.223555706012	10.141043514456
4	98	23.178123964034	3.645041329628
4	103	23.346580836548	3.563228004722
4	108	23.51499425205	1.591591397465
4	133	26.732722597439	2.095760424698
4	138	26.895165124364	1.579115467439
4	157	29.88324860689	1.908567661332
4	167	31.007198475765	2.466077891414
4	182	32.359962821765	1.166634965359
4	188	32.639261363707	1.113764079012
4	209	36.564880229844	0.593206326066
4	237	41.582702116027	2.671238176418
4	245	42.217989634921	3.163613364123
4	250	44.131922976781	4.329121749804
4	256	44.481648942274	4.523659744801
4	262	45.676809167179	4.698545422404
4	267	46.185515890224	5.012884441193
4	281	51.792645876141	5.324861779109
4	291	53.250452007562	5.050330001398
4	320	57.300162610669	3.286516564126
4	326	58.184265054457	3.451131390197
4	331	58.243397712558	1.72875411183
4	348	60.301566380947	3.574594741518
4	353	60.877014420305	2.046753945969
4	362	64.579011298091	5.462523415758
4	371	65.177921393868	5.902814260735
4	378	66.209630411794	6.805694753439
4	385	67.41163034016	7.545649987691
4	393	68.122768883266	7.192332127339
4	398	69.635290124213	7.642119988925
4	409	74.467517831971	9.596403632639
4	418	77.302003759135	11.475436643057
4	427	77.84198635129	11.489625425502
4	433	79.963491629883	7.779580334614
4	438	80.203385042422	3.080494154907
4	443	80.604297010249	2.827683140498
4	460	82.962939254246	2.104024285582
4	467	85.137193566761	4.191819749471
4	504	87.885665792902	0.567234190135
4	518	89.273190142589	0.449031413398
4	537	91.711004851776	1.757731418022
4	556	95.700632995363	2.335983288264
4	561	96.103866607203	0.409352530123
5	113	23.957282123322	13.758557285994
5	118	23.997962901758	12.771481345384
5	127	25.66949243822	8.681883691176
5	143	27.479330942991	6.021315737994
5	176	31.911568600339	1.855057110239
5	192	33.348717089635	2.641317407887
5	203	36.061772008481	1.665739756517
5	216	38.751781346128	0.25944137923
5	274	47.239879902702	5.369120116842
5	301	53.621855353828	0.8171949249
5	311	56.221532434887	2.704501743693
5	452	81.20746401264	27.662083005643
5	474	85.818300742269	26.33499646526
5	480	86.082558089094	20.908253338649
5	486	86.752153046998	18.965020047127
5	491	86.894047410253	15.229527802986
5	499	87.638723769775	13.735759236475
5	513	88.84717587832	14.073127310305
5	523	89.617727456153	11.936124226133
5	532	91.226424094576	9.83855252718
5	547	93.389521382022	2.944091776819
5	571	98.476360620516	5.460460507004
5	576	98.751834758263	0.656965101985

