version 2
run First-n2-14-20191125-12:37:05-10876
attr configname First-n2
attr datetime 20191125-12:37:05
attr experiment First-n2
attr inifile omnetpp.ini
attr iterationvars ""
attr iterationvarsf ""
attr measurement ""
attr network org.omnetpp.queueing.Pizza
attr processid 10876
attr repetition 14
attr replication ""
attr resultdir results_no_transient
attr runnumber 14
attr seedset 14
param **.PS.maxInventoriedPS 2
param **.U1.interArrivalTime exponential(2s)
param **.U2.interArrivalTime exponential(4s)
param **.PS.serviceTimeForInventoryU1 exponential(0.8s)
param **.PS.serviceTimeForInventoryU2 exponential(1.0s)
param **.PS.serviceTimeDirectU1 exponential(1.2s)
param **.PS.serviceTimeDirectU2 exponential(1.4s)
param **.PS.probabilityProducing 0.5
param **.CS.serviceTimeU1 exponential(0.8s)
param **.CS.serviceTimeU2 exponential(1.0s)

vector 0 Pizza.EntryQueueU1 queueLength:vector ETV
attr interpolationmode sample-hold
attr title "queue length, vector"
vector 1 Pizza.CS queueLength:vector ETV
attr interpolationmode sample-hold
attr title "queue length, vector"
vector 2 Pizza.EntryQueueU2 queueLength:vector ETV
attr interpolationmode sample-hold
attr title "queue length, vector"
vector 3 Pizza.sink lifeTime:vector ETV
attr interpolationmode none
attr title "lifetime of arrived jobs, vector"
attr unit s
vector 4 Pizza.sink lifeTimeU1:vector ETV
attr interpolationmode none
attr title "lifetime of arrived jobs, vector"
attr unit s
vector 5 Pizza.sink lifeTimeU2:vector ETV
attr interpolationmode none
attr title "lifetime of arrived jobs, vector"
attr unit s
0	0	0	0
0	24	6.460737052775	1
0	25	6.525958632591	0
0	33	7.991959120157	1
0	35	8.486216174331	2
0	37	8.957722274146	3
0	39	9.6554379242	4
0	40	9.741532355706	3
0	50	13.540307653881	2
0	56	15.048400456327	3
0	57	15.175563840734	2
0	63	15.28554400117	3
0	65	15.461008922288	2
0	70	16.072402515417	1
0	75	16.529938886929	0
0	90	18.499168820809	1
0	92	18.553509310611	2
0	101	21.298798199552	3
0	103	22.18844210521	2
0	109	24.012357517708	3
0	110	25.991656346402	2
0	114	26.354598682516	3
0	117	27.060363677923	2
0	122	28.665034896495	1
0	130	29.499523500098	0
0	157	34.552337046271	1
0	158	34.600434067881	0
0	200	45.445016073171	1
0	201	45.524676244386	0
0	207	45.597853001323	1
0	210	45.959203886728	2
0	211	46.410097000204	1
0	216	47.224330470726	0
0	224	47.63753737699	1
0	225	48.400246485059	0
0	248	50.170791611375	1
0	250	50.617074630739	0
0	256	51.100684318914	1
0	260	52.239777068086	2
0	261	52.73513568994	1
0	268	56.981877985384	0
0	284	57.70672738962	1
0	288	59.688166710454	2
0	290	61.359054645543	1
0	296	61.420504619586	2
0	297	61.575402082547	1
0	303	62.456835153493	0
0	323	63.603750556695	1
0	324	64.258266013678	0
0	330	64.28048209051	1
0	331	64.772427560154	0
0	357	68.615495125659	1
0	358	68.734528400041	0
0	379	73.018778905705	1
0	380	73.427235633693	0
0	394	74.609682601874	1
0	395	74.754431446695	0
0	411	75.895943004981	1
0	412	76.082066809625	0
0	486	89.836674143997	1
0	491	91.363075484301	0
0	504	92.169627812813	1
0	507	93.076287584797	2
0	508	93.379978092307	1
0	513	93.424663302079	0
0	536	96.306447178473	1
0	537	96.627982651008	0
0	551	97.773073495008	1
0	553	98.560807326788	0
1	0	0	0
2	0	0	0
2	47	10.198724837328	1
2	49	11.226481556374	2
2	79	16.987608747044	3
2	82	18.124929625392	2
2	88	18.21957566834	3
2	94	18.567690257662	4
2	96	18.614218329239	5
2	98	18.871732669687	6
2	126	28.743973980503	7
2	135	30.41150670796	6
2	141	30.544819923895	7
2	142	31.031024068861	6
2	151	33.907710921706	5
2	163	34.759791723899	4
2	169	34.874314716249	5
2	171	35.333030816302	6
2	172	35.457590193839	5
2	178	37.769150739497	6
2	179	38.263402773055	5
2	183	39.386332865489	6
2	186	40.394753720525	5
2	191	41.851859834245	4
2	197	45.006082209862	5
2	231	48.569662205821	6
2	234	48.811172014273	7
2	235	49.075930448851	6
2	239	49.096996676651	7
2	242	49.204461539041	6
2	267	55.764098922342	7
2	273	57.045258041608	6
2	278	57.623572340356	5
2	308	62.595692630609	4
2	314	62.773785196175	3
2	336	64.857358775635	2
2	341	65.168811439327	1
2	347	65.33376563164	2
2	351	67.311778281682	1
2	363	68.89092146859	0
2	399	74.759434557873	1
2	403	75.420946001053	2
2	405	75.522455578117	1
2	417	76.256283616568	0
2	490	91.267321128765	1
2	497	91.898751450624	0
2	528	94.656931469166	1
2	529	94.922294514335	0
3	7	2.740669890449	1.29780973762
3	16	4.716439596079	0.306514206635
3	27	6.525958632591	1.613991012146
3	42	9.741532355706	3.280795302931
3	52	13.540307653881	5.548348533724
3	59	15.175563840734	6.689347666403
3	67	15.461008922288	6.503286648142
3	72	16.072402515417	6.416964591217
3	77	16.529938886929	1.481538430602
3	84	18.124929625392	2.839385624222
3	105	22.18844210521	11.989717267882
3	112	25.991656346402	7.492487525593
3	119	27.060363677923	8.506854367312
3	124	28.665034896495	7.366236696943
3	132	29.499523500098	5.48716598239
3	137	30.41150670796	4.056908025444
3	144	31.031024068861	19.804542512487
3	153	33.907710921706	16.920102174662
3	160	34.600434067881	16.380858399541
3	165	34.759791723899	0.207454677628
3	174	35.457590193839	16.889899936177
3	181	38.263402773055	19.649184443816
3	188	40.394753720525	21.523021050838
3	193	41.851859834245	13.107885853742
3	203	45.524676244386	14.979856320491
3	213	46.410097000204	0.965080927033
3	218	47.224330470726	1.626477469403
3	227	48.400246485059	2.441042598331
3	237	49.075930448851	1.438393071861
3	244	49.204461539041	14.330146822792
3	252	50.617074630739	15.284043814437
3	263	52.73513568994	2.564344078565
3	270	56.981877985384	5.88119366647
3	275	57.045258041608	4.805480973522
3	280	57.623572340356	19.854421600859
3	292	61.359054645543	21.972721780054
3	299	61.575402082547	3.868674692927
3	305	62.456835153493	2.768668443039
3	310	62.595692630609	1.175188011023
3	316	62.773785196175	17.767702986313
3	326	64.258266013678	15.688603807857
3	333	64.772427560154	1.168677003459
3	338	64.857358775635	0.576876685125
3	343	65.168811439327	16.357639425054
3	353	67.311778281682	18.214781605031
3	360	68.734528400041	12.970429477699
3	365	68.89092146859	0.275426342931
3	371	71.519751938664	6.185986307024
3	382	73.427235633693	0.427534187378
3	386	73.637553157577	0.618774251872
3	397	74.754431446695	0.780199624244
3	407	75.522455578117	0.912772976243
3	414	76.082066809625	1.322632251752
3	419	76.256283616568	0.360340611587
3	423	76.684342327064	1.263396326011
3	434	79.537263857931	0.238931249482
3	441	80.852030448122	0.017107850895
3	450	82.495063020961	0.374958570182
3	457	83.278200525136	0.463355605008
3	465	85.081620759005	1.060441834095
3	472	85.722016995777	0.259082189501
3	481	89.387514207459	0.837556263645
3	493	91.363075484301	1.573542739331
3	499	91.898751450624	2.062077306627
3	510	93.379978092307	2.112656963542
3	515	93.424663302079	1.255035489266
3	519	93.892917506727	0.81662992193
3	531	94.922294514335	0.291353541553
3	539	96.627982651008	1.971051181842
3	543	96.832303030385	0.525855851912
3	555	98.560807326788	1.143553955124
3	559	98.985597932008	1.212524437
4	7	2.740669890449	1.29780973762
4	16	4.716439596079	0.306514206635
4	27	6.525958632591	1.613991012146
4	42	9.741532355706	3.280795302931
4	52	13.540307653881	5.548348533724
4	59	15.175563840734	6.689347666403
4	67	15.461008922288	6.503286648142
4	72	16.072402515417	6.416964591217
4	77	16.529938886929	1.481538430602
4	84	18.124929625392	2.839385624222
4	112	25.991656346402	7.492487525593
4	119	27.060363677923	8.506854367312
4	124	28.665034896495	7.366236696943
4	132	29.499523500098	5.48716598239
4	137	30.41150670796	4.056908025444
4	165	34.759791723899	0.207454677628
4	213	46.410097000204	0.965080927033
4	218	47.224330470726	1.626477469403
4	227	48.400246485059	2.441042598331
4	237	49.075930448851	1.438393071861
4	263	52.73513568994	2.564344078565
4	270	56.981877985384	5.88119366647
4	275	57.045258041608	4.805480973522
4	299	61.575402082547	3.868674692927
4	305	62.456835153493	2.768668443039
4	310	62.595692630609	1.175188011023
4	333	64.772427560154	1.168677003459
4	338	64.857358775635	0.576876685125
4	365	68.89092146859	0.275426342931
4	382	73.427235633693	0.427534187378
4	386	73.637553157577	0.618774251872
4	397	74.754431446695	0.780199624244
4	407	75.522455578117	0.912772976243
4	419	76.256283616568	0.360340611587
4	441	80.852030448122	0.017107850895
4	450	82.495063020961	0.374958570182
4	457	83.278200525136	0.463355605008
4	465	85.081620759005	1.060441834095
4	481	89.387514207459	0.837556263645
4	499	91.898751450624	2.062077306627
4	515	93.424663302079	1.255035489266
4	519	93.892917506727	0.81662992193
4	531	94.922294514335	0.291353541553
4	543	96.832303030385	0.525855851912
4	555	98.560807326788	1.143553955124
4	559	98.985597932008	1.212524437
5	105	22.18844210521	11.989717267882
5	144	31.031024068861	19.804542512487
5	153	33.907710921706	16.920102174662
5	160	34.600434067881	16.380858399541
5	174	35.457590193839	16.889899936177
5	181	38.263402773055	19.649184443816
5	188	40.394753720525	21.523021050838
5	193	41.851859834245	13.107885853742
5	203	45.524676244386	14.979856320491
5	244	49.204461539041	14.330146822792
5	252	50.617074630739	15.284043814437
5	280	57.623572340356	19.854421600859
5	292	61.359054645543	21.972721780054
5	316	62.773785196175	17.767702986313
5	326	64.258266013678	15.688603807857
5	343	65.168811439327	16.357639425054
5	353	67.311778281682	18.214781605031
5	360	68.734528400041	12.970429477699
5	371	71.519751938664	6.185986307024
5	414	76.082066809625	1.322632251752
5	423	76.684342327064	1.263396326011
5	434	79.537263857931	0.238931249482
5	472	85.722016995777	0.259082189501
5	493	91.363075484301	1.573542739331
5	510	93.379978092307	2.112656963542
5	539	96.627982651008	1.971051181842

