version 2
run First-n5-5-20191125-12:36:55-3804
attr configname First-n5
attr datetime 20191125-12:36:55
attr experiment First-n5
attr inifile omnetpp.ini
attr iterationvars ""
attr iterationvarsf ""
attr measurement ""
attr network org.omnetpp.queueing.Pizza
attr processid 3804
attr repetition 5
attr replication ""
attr resultdir results_no_transient
attr runnumber 5
attr seedset 5
param **.PS.maxInventoriedPS 5
param **.U1.interArrivalTime exponential(2s)
param **.U2.interArrivalTime exponential(4s)
param **.PS.serviceTimeForInventoryU1 exponential(0.8s)
param **.PS.serviceTimeForInventoryU2 exponential(1.0s)
param **.PS.serviceTimeDirectU1 exponential(1.2s)
param **.PS.serviceTimeDirectU2 exponential(1.4s)
param **.PS.probabilityProducing 0.5
param **.CS.serviceTimeU1 exponential(0.8s)
param **.CS.serviceTimeU2 exponential(1.0s)

vector 0 Pizza.EntryQueueU1 queueLength:vector ETV
attr interpolationmode sample-hold
attr title "queue length, vector"
vector 1 Pizza.CS queueLength:vector ETV
attr interpolationmode sample-hold
attr title "queue length, vector"
vector 2 Pizza.EntryQueueU2 queueLength:vector ETV
attr interpolationmode sample-hold
attr title "queue length, vector"
vector 3 Pizza.sink lifeTime:vector ETV
attr interpolationmode none
attr title "lifetime of arrived jobs, vector"
attr unit s
vector 4 Pizza.sink lifeTimeU2:vector ETV
attr interpolationmode none
attr title "lifetime of arrived jobs, vector"
attr unit s
vector 5 Pizza.sink lifeTimeU1:vector ETV
attr interpolationmode none
attr title "lifetime of arrived jobs, vector"
attr unit s
0	0	0	0
0	5	0.502039955384	1
0	7	0.965195882806	2
0	9	1.869482112156	3
0	12	2.812875588987	2
0	17	4.297919186127	1
0	25	6.886510062585	2
0	33	8.927397378856	1
0	38	9.028842098001	0
0	44	9.568695461828	1
0	45	9.82162745854	0
0	65	11.052006438691	1
0	68	11.414122002067	2
0	70	13.06217017659	3
0	71	13.18080375048	2
0	85	17.595758406917	1
0	92	19.511290166425	2
0	94	19.522793305443	3
0	95	19.674865611935	2
0	101	20.122566042585	3
0	102	20.972466358309	2
0	107	21.150746637739	1
0	116	22.10508044026	0
0	122	22.322146794463	1
0	124	22.455509806616	2
0	127	23.473646830315	3
0	130	24.309310602704	4
0	133	25.295717401149	3
0	138	25.399393037363	2
0	143	25.471793054866	1
0	148	26.150249777024	0
0	152	26.185885309215	1
0	155	26.432261565019	0
0	186	32.885865446366	1
0	190	33.516633249238	0
0	240	41.670137523465	1
0	243	41.92014826536	2
0	246	43.221623091993	3
0	247	43.457953596171	2
0	254	43.931304280301	1
0	259	43.947786003425	0
0	274	46.364379222393	1
0	276	47.568868418609	2
0	277	48.200566196236	1
0	282	48.765350852536	0
0	312	57.986770392491	1
0	313	59.283426577511	0
0	326	60.149362879789	1
0	327	60.389859067492	0
0	340	64.812405192823	1
0	342	65.625381771738	2
0	344	66.561279701304	3
0	347	67.611102950196	2
0	351	67.740669198538	3
0	355	68.241397485442	4
0	356	68.474311184927	3
0	360	70.220781119368	4
0	364	70.667529510832	5
0	366	70.94707158366	4
0	371	71.192550856845	3
0	376	71.810626945976	2
0	380	72.150155940356	3
0	382	72.327972396561	4
0	384	72.529879216312	5
0	391	73.435524460069	4
0	397	75.828082046187	5
0	398	76.787872027788	4
0	404	78.666976000699	5
0	405	79.825545344732	4
0	412	80.602604811204	3
0	419	82.517260871666	4
0	420	82.51843404503	3
0	425	82.633427754768	2
0	431	82.897069725795	3
0	432	83.465640126475	2
0	439	86.433555253044	1
0	444	86.791118329739	0
0	450	88.275317069036	1
0	453	89.137082102823	0
0	457	89.18266501811	1
0	463	92.245467168249	0
0	474	92.719117748512	1
0	477	93.987744262995	0
0	503	98.511208891374	1
0	507	99.390600256359	0
0	519	99.811159425792	1
0	520	99.83348738357	0
1	0	0	0
2	0	0	0
2	30	8.410523326293	1
2	32	8.880709030964	2
2	51	10.162006507853	3
2	54	10.554518452884	2
2	59	10.951366705176	1
2	80	15.427156261471	2
2	113	21.474851143468	3
2	115	21.483717824385	4
2	132	24.910277875591	5
2	160	29.135878129062	4
2	165	29.620228358323	3
2	172	30.803863164819	4
2	174	32.233185959312	3
2	179	32.681112555907	2
2	195	33.63195197489	1
2	201	34.065963076867	0
2	215	36.135858014505	1
2	216	36.137692578562	0
2	222	36.609606919522	1
2	226	38.308370804944	2
2	229	41.328275243837	1
2	234	41.4939321703	0
2	253	43.729571227694	1
2	264	43.9916996852	0
2	386	72.887878452968	1
2	390	73.318168038851	2
2	411	80.17738970279	3
2	436	83.562352057906	4
2	452	88.462058751232	5
2	462	91.894030059824	6
2	468	92.431799205692	5
2	482	94.132937419594	4
2	488	95.542966577037	3
2	495	97.037292133155	4
2	496	97.077802121384	3
2	506	99.242838286191	4
2	512	99.474114376093	3
3	14	2.812875588987	2.585831694502
3	19	4.297919186127	3.795879230743
3	35	8.927397378856	7.96220149605
3	40	9.028842098001	7.159359985845
3	47	9.82162745854	2.935117395955
3	56	10.554518452884	0.985822991056
3	61	10.951366705176	2.540843378883
3	73	13.18080375048	4.300094719516
3	87	17.595758406917	6.543751968226
3	97	19.674865611935	8.260743609868
3	104	20.972466358309	7.910296181719
3	109	21.150746637739	1.639456471314
3	118	22.10508044026	2.582287134817
3	135	25.295717401149	5.173151358564
3	140	25.399393037363	3.0772462429
3	145	25.471793054866	3.01628324825
3	150	26.150249777024	2.676602946709
3	157	26.432261565019	2.122950962315
3	162	29.135878129062	2.949992819847
3	167	29.620228358323	19.45822185047
3	176	32.233185959312	16.806029697841
3	181	32.681112555907	11.206261412439
3	192	33.516633249238	12.032915424853
3	197	33.63195197489	0.746086528524
3	203	34.065963076867	9.155685201276
3	207	34.322902819578	3.519039654759
3	218	36.137692578562	0.071156804813
3	231	41.328275243837	5.192417229332
3	236	41.4939321703	4.884325250778
3	249	43.457953596171	5.149582791227
3	256	43.931304280301	2.261166756836
3	261	43.947786003425	2.027637738065
3	266	43.9916996852	0.770076593207
3	279	48.200566196236	4.470994968542
3	284	48.765350852536	2.400971630143
3	289	49.12235953139	1.553491112781
3	296	51.808646983627	2.456890807396
3	304	56.271037839932	1.830718197908
3	315	59.283426577511	1.426645624721
3	319	59.393046396662	1.406276004171
3	329	60.389859067492	0.929655586248
3	335	62.268570868375	2.119207988586
3	349	67.611102950196	4.61500067979
3	358	68.474311184927	3.661905992104
3	368	70.94707158366	5.321689811922
3	373	71.192550856845	4.631271155541
3	378	71.810626945976	4.069957747438
3	393	73.435524460069	5.194126974627
3	400	76.787872027788	6.56709090842
3	407	79.825545344732	9.1580158339
3	414	80.602604811204	8.452448870848
3	422	82.51843404503	10.190461648469
3	427	82.633427754768	10.103548538456
3	434	83.465640126475	7.637558080288
3	441	86.433555253044	7.766579252345
3	446	86.791118329739	4.273857458073
3	455	89.137082102823	6.240012377028
3	465	92.245467168249	3.970150099213
3	470	92.431799205692	3.249134187582
3	479	93.987744262995	21.099865810027
3	484	94.132937419594	1.413819671082
3	490	95.542966577037	22.224798538186
3	498	97.077802121384	16.900412418594
3	509	99.390600256359	15.828248198453
3	514	99.474114376093	0.962905484719
3	522	99.83348738357	11.371428632338
4	14	2.812875588987	2.585831694502
4	61	10.951366705176	2.540843378883
4	73	13.18080375048	4.300094719516
4	167	29.620228358323	19.45822185047
4	176	32.233185959312	16.806029697841
4	181	32.681112555907	11.206261412439
4	192	33.516633249238	12.032915424853
4	203	34.065963076867	9.155685201276
4	207	34.322902819578	3.519039654759
4	231	41.328275243837	5.192417229332
4	236	41.4939321703	4.884325250778
4	249	43.457953596171	5.149582791227
4	279	48.200566196236	4.470994968542
4	315	59.283426577511	1.426645624721
4	329	60.389859067492	0.929655586248
4	479	93.987744262995	21.099865810027
4	490	95.542966577037	22.224798538186
4	498	97.077802121384	16.900412418594
4	509	99.390600256359	15.828248198453
4	522	99.83348738357	11.371428632338
5	19	4.297919186127	3.795879230743
5	35	8.927397378856	7.96220149605
5	40	9.028842098001	7.159359985845
5	47	9.82162745854	2.935117395955
5	56	10.554518452884	0.985822991056
5	87	17.595758406917	6.543751968226
5	97	19.674865611935	8.260743609868
5	104	20.972466358309	7.910296181719
5	109	21.150746637739	1.639456471314
5	118	22.10508044026	2.582287134817
5	135	25.295717401149	5.173151358564
5	140	25.399393037363	3.0772462429
5	145	25.471793054866	3.01628324825
5	150	26.150249777024	2.676602946709
5	157	26.432261565019	2.122950962315
5	162	29.135878129062	2.949992819847
5	197	33.63195197489	0.746086528524
5	218	36.137692578562	0.071156804813
5	256	43.931304280301	2.261166756836
5	261	43.947786003425	2.027637738065
5	266	43.9916996852	0.770076593207
5	284	48.765350852536	2.400971630143
5	289	49.12235953139	1.553491112781
5	296	51.808646983627	2.456890807396
5	304	56.271037839932	1.830718197908
5	319	59.393046396662	1.406276004171
5	335	62.268570868375	2.119207988586
5	349	67.611102950196	4.61500067979
5	358	68.474311184927	3.661905992104
5	368	70.94707158366	5.321689811922
5	373	71.192550856845	4.631271155541
5	378	71.810626945976	4.069957747438
5	393	73.435524460069	5.194126974627
5	400	76.787872027788	6.56709090842
5	407	79.825545344732	9.1580158339
5	414	80.602604811204	8.452448870848
5	422	82.51843404503	10.190461648469
5	427	82.633427754768	10.103548538456
5	434	83.465640126475	7.637558080288
5	441	86.433555253044	7.766579252345
5	446	86.791118329739	4.273857458073
5	455	89.137082102823	6.240012377028
5	465	92.245467168249	3.970150099213
5	470	92.431799205692	3.249134187582
5	484	94.132937419594	1.413819671082
5	514	99.474114376093	0.962905484719

