version 2
run First-n5-4-20191125-12:36:53-7228
attr configname First-n5
attr datetime 20191125-12:36:53
attr experiment First-n5
attr inifile omnetpp.ini
attr iterationvars ""
attr iterationvarsf ""
attr measurement ""
attr network org.omnetpp.queueing.Pizza
attr processid 7228
attr repetition 4
attr replication ""
attr resultdir results_no_transient
attr runnumber 4
attr seedset 4
param **.PS.maxInventoriedPS 5
param **.U1.interArrivalTime exponential(2s)
param **.U2.interArrivalTime exponential(4s)
param **.PS.serviceTimeForInventoryU1 exponential(0.8s)
param **.PS.serviceTimeForInventoryU2 exponential(1.0s)
param **.PS.serviceTimeDirectU1 exponential(1.2s)
param **.PS.serviceTimeDirectU2 exponential(1.4s)
param **.PS.probabilityProducing 0.5
param **.CS.serviceTimeU1 exponential(0.8s)
param **.CS.serviceTimeU2 exponential(1.0s)

vector 0 Pizza.EntryQueueU1 queueLength:vector ETV
attr interpolationmode sample-hold
attr title "queue length, vector"
vector 1 Pizza.CS queueLength:vector ETV
attr interpolationmode sample-hold
attr title "queue length, vector"
vector 2 Pizza.EntryQueueU2 queueLength:vector ETV
attr interpolationmode sample-hold
attr title "queue length, vector"
vector 3 Pizza.sink lifeTime:vector ETV
attr interpolationmode none
attr title "lifetime of arrived jobs, vector"
attr unit s
vector 4 Pizza.sink lifeTimeU1:vector ETV
attr interpolationmode none
attr title "lifetime of arrived jobs, vector"
attr unit s
vector 5 Pizza.sink lifeTimeU2:vector ETV
attr interpolationmode none
attr title "lifetime of arrived jobs, vector"
attr unit s
0	0	0	0
0	19	10.287334142778	1
0	25	12.291919922191	2
0	27	12.649795882511	3
0	28	12.83773584874	2
0	33	12.844957219112	1
0	42	13.092870771074	0
0	58	13.644187730363	1
0	60	14.826629964151	2
0	62	15.206931221747	3
0	63	15.603909610071	2
0	68	15.852129850735	1
0	74	16.371390211141	2
0	79	17.421387577808	3
0	80	17.556700303453	2
0	85	19.812345263003	1
0	91	20.486363753359	0
0	135	25.661221799661	1
0	138	26.092114519303	0
0	184	32.34181858912	1
0	185	33.167594704376	0
0	205	33.787934652035	1
0	211	34.691948856101	2
0	213	34.924607809748	3
0	216	35.658094939955	4
0	219	36.526166444995	3
0	224	37.204402067177	2
0	229	38.792975550508	1
0	235	39.239397720786	2
0	238	40.166755351419	1
0	244	42.562380950143	2
0	245	43.64346159511	1
0	250	44.32946631316	0
0	254	44.761172761452	1
0	266	48.77764711015	2
0	269	50.222603133454	1
0	274	50.464484756575	0
0	286	50.707191094884	1
0	288	50.713052867611	2
0	290	52.667093041528	3
0	291	52.887073253739	2
0	298	53.943474702862	1
0	303	55.841688100194	0
0	320	56.854869538398	1
0	322	57.85908222399	0
0	339	60.018741848229	1
0	341	60.830353601022	0
0	368	62.898078522807	1
0	369	63.970619224161	0
0	373	64.300038005628	1
0	381	66.208124187119	2
0	383	67.060584175576	1
0	390	68.277473546659	0
0	412	71.702553642797	1
0	414	71.99203325899	2
0	415	72.655302376082	1
0	424	74.090863436529	0
0	430	74.795705885727	1
0	431	75.023232671477	0
0	449	76.899497772992	1
0	450	76.986015446091	0
0	468	81.091906750497	1
0	471	81.931691203157	0
0	487	84.970344679346	1
0	492	85.640915006335	0
0	511	89.279405797218	1
0	514	89.999531007782	2
0	517	91.593017763967	1
0	523	92.357379912267	0
0	534	93.483424085078	1
0	536	94.020171638716	2
0	537	94.91362073187	1
0	544	97.765629402565	0
0	550	97.961788869517	1
0	551	98.017906734516	0
0	564	98.790472363548	1
0	566	99.070860004404	0
1	0	0	0
2	0	0	0
2	12	9.23527612256	1
2	39	12.876075456012	2
2	41	13.056734656133	3
2	47	13.551239632309	2
2	52	13.59183286346	1
2	76	17.18706963014	2
2	96	20.790337582558	1
2	103	21.839603042616	0
2	207	34.076626780199	1
2	218	35.904310983376	2
2	233	38.795881429521	3
2	256	44.977100810533	4
2	258	45.758280515013	5
2	262	47.483167728504	6
2	268	50.042513389483	7
2	279	50.559971479361	6
2	297	53.195659733243	7
2	307	55.989489334922	8
2	309	56.00520375097	9
2	311	56.247942632971	10
2	314	56.459856280412	9
2	328	58.729979048363	10
2	330	59.493554844026	11
2	332	59.871420566323	12
2	333	60.006030048964	11
2	346	60.860400093121	10
2	351	60.901317010448	9
2	357	61.777290350925	8
2	362	62.848729118051	7
2	396	69.912067034292	6
2	402	70.439007455273	5
2	408	71.301278910208	6
2	410	71.607301753593	7
2	423	73.128108519066	8
2	437	75.493600567326	7
2	442	76.596559042017	6
2	457	79.076487484206	7
2	459	79.756664251288	6
2	464	80.5710350439	5
2	476	84.426998784135	4
2	482	84.609555508705	5
2	483	84.700758404656	4
2	497	85.665096000693	3
2	505	88.884279797075	2
2	528	92.740885748771	1
2	557	98.460325942421	0
3	7	8.055499867566	1.231195229197
3	30	12.83773584874	4.428679239785
3	35	12.844957219112	2.557623076334
3	44	13.092870771074	0.800950848883
3	49	13.551239632309	0.901443749798
3	54	13.59183286346	4.3565567409
3	65	15.603909610071	2.727834154059
3	70	15.852129850735	2.207942120372
3	82	17.556700303453	2.730070339302
3	87	19.812345263003	4.605414041256
3	93	20.486363753359	4.114973542218
3	98	20.790337582558	3.36895000475
3	105	21.839603042616	8.782868386483
3	109	21.988974897655	4.801905267515
3	116	23.315545995644	0.346688942249
3	123	23.718746965047	0.355489132921
3	140	26.092114519303	1.332404328659
3	144	26.395570614082	0.734348814421
3	152	27.39122089279	0.352508842233
3	160	28.028592492843	0.472277365258
3	167	29.07754657964	0.96046558362
3	174	29.715274796928	0.083359043936
3	187	33.167594704376	1.316120661001
3	191	33.220721427584	0.878902838464
3	198	33.431968560756	0.177777960856
3	221	36.526166444995	3.002850748482
3	226	37.204402067177	3.416467415142
3	231	38.792975550508	4.101026694407
3	240	40.166755351419	5.242147541671
3	247	43.64346159511	7.985366655155
3	252	44.32946631316	5.090068592374
3	271	50.222603133454	7.660222183311
3	276	50.464484756575	5.703311995123
3	281	50.559971479361	1.782324369211
3	293	52.887073253739	18.81044647354
3	300	53.943474702862	3.236283607978
3	305	55.841688100194	5.128635232583
3	316	56.459856280412	3.792763238884
3	324	57.85908222399	21.954771240614
3	335	60.006030048964	3.151160510566
3	343	60.830353601022	22.034472171501
3	348	60.860400093121	0.841658244892
3	353	60.901317010448	15.924216199915
3	359	61.777290350925	16.019009835912
3	364	62.848729118051	15.365561389547
3	371	63.970619224161	13.928105834678
3	385	67.060584175576	4.162505652769
3	392	68.277473546659	3.977435541031
3	398	69.912067034292	3.703942847173
3	404	70.439007455273	17.24334772203
3	417	72.655302376082	16.66581304116
3	426	74.090863436529	2.388309793732
3	433	75.023232671477	3.031199412487
3	439	75.493600567326	0.697894681599
3	444	76.596559042017	20.591355291047
3	452	76.986015446091	20.73807281312
3	461	79.756664251288	2.857166478296
3	466	80.5710350439	21.841055995537
3	473	81.931691203157	22.438136359131
3	478	84.426998784135	3.335092033638
3	485	84.700758404656	24.829337838333
3	494	85.640915006335	14.339636096127
3	499	85.665096000693	0.694751321347
3	507	88.884279797075	17.276978043482
3	519	91.593017763967	18.464909244901
3	525	92.357379912267	3.077974115049
3	530	92.740885748771	2.741354740989
3	539	94.91362073187	15.837133247664
3	546	97.765629402565	4.282205317487
3	553	98.017906734516	3.9977350958
3	559	98.460325942421	0.498537072904
3	568	99.070860004404	14.461304495699
3	573	99.643808083789	0.853335720241
4	7	8.055499867566	1.231195229197
4	30	12.83773584874	4.428679239785
4	35	12.844957219112	2.557623076334
4	44	13.092870771074	0.800950848883
4	49	13.551239632309	0.901443749798
4	70	15.852129850735	2.207942120372
4	82	17.556700303453	2.730070339302
4	87	19.812345263003	4.605414041256
4	93	20.486363753359	4.114973542218
4	98	20.790337582558	3.36895000475
4	116	23.315545995644	0.346688942249
4	123	23.718746965047	0.355489132921
4	140	26.092114519303	1.332404328659
4	144	26.395570614082	0.734348814421
4	152	27.39122089279	0.352508842233
4	167	29.07754657964	0.96046558362
4	187	33.167594704376	1.316120661001
4	191	33.220721427584	0.878902838464
4	226	37.204402067177	3.416467415142
4	231	38.792975550508	4.101026694407
4	240	40.166755351419	5.242147541671
4	247	43.64346159511	7.985366655155
4	252	44.32946631316	5.090068592374
4	271	50.222603133454	7.660222183311
4	276	50.464484756575	5.703311995123
4	281	50.559971479361	1.782324369211
4	300	53.943474702862	3.236283607978
4	305	55.841688100194	5.128635232583
4	316	56.459856280412	3.792763238884
4	335	60.006030048964	3.151160510566
4	348	60.860400093121	0.841658244892
4	385	67.060584175576	4.162505652769
4	392	68.277473546659	3.977435541031
4	398	69.912067034292	3.703942847173
4	426	74.090863436529	2.388309793732
4	433	75.023232671477	3.031199412487
4	439	75.493600567326	0.697894681599
4	461	79.756664251288	2.857166478296
4	478	84.426998784135	3.335092033638
4	499	85.665096000693	0.694751321347
4	525	92.357379912267	3.077974115049
4	530	92.740885748771	2.741354740989
4	546	97.765629402565	4.282205317487
4	553	98.017906734516	3.9977350958
4	559	98.460325942421	0.498537072904
4	573	99.643808083789	0.853335720241
5	54	13.59183286346	4.3565567409
5	65	15.603909610071	2.727834154059
5	105	21.839603042616	8.782868386483
5	109	21.988974897655	4.801905267515
5	160	28.028592492843	0.472277365258
5	174	29.715274796928	0.083359043936
5	198	33.431968560756	0.177777960856
5	221	36.526166444995	3.002850748482
5	293	52.887073253739	18.81044647354
5	324	57.85908222399	21.954771240614
5	343	60.830353601022	22.034472171501
5	353	60.901317010448	15.924216199915
5	359	61.777290350925	16.019009835912
5	364	62.848729118051	15.365561389547
5	371	63.970619224161	13.928105834678
5	404	70.439007455273	17.24334772203
5	417	72.655302376082	16.66581304116
5	444	76.596559042017	20.591355291047
5	452	76.986015446091	20.73807281312
5	466	80.5710350439	21.841055995537
5	473	81.931691203157	22.438136359131
5	485	84.700758404656	24.829337838333
5	494	85.640915006335	14.339636096127
5	507	88.884279797075	17.276978043482
5	519	91.593017763967	18.464909244901
5	539	94.91362073187	15.837133247664
5	568	99.070860004404	14.461304495699

