version 2
run First-n2-9-20191125-12:36:58-11212
attr configname First-n2
attr datetime 20191125-12:36:58
attr experiment First-n2
attr inifile omnetpp.ini
attr iterationvars ""
attr iterationvarsf ""
attr measurement ""
attr network org.omnetpp.queueing.Pizza
attr processid 11212
attr repetition 9
attr replication ""
attr resultdir results_no_transient
attr runnumber 9
attr seedset 9
param **.PS.maxInventoriedPS 2
param **.U1.interArrivalTime exponential(2s)
param **.U2.interArrivalTime exponential(4s)
param **.PS.serviceTimeForInventoryU1 exponential(0.8s)
param **.PS.serviceTimeForInventoryU2 exponential(1.0s)
param **.PS.serviceTimeDirectU1 exponential(1.2s)
param **.PS.serviceTimeDirectU2 exponential(1.4s)
param **.PS.probabilityProducing 0.5
param **.CS.serviceTimeU1 exponential(0.8s)
param **.CS.serviceTimeU2 exponential(1.0s)

vector 0 Pizza.EntryQueueU1 queueLength:vector ETV
attr interpolationmode sample-hold
attr title "queue length, vector"
vector 1 Pizza.CS queueLength:vector ETV
attr interpolationmode sample-hold
attr title "queue length, vector"
vector 2 Pizza.EntryQueueU2 queueLength:vector ETV
attr interpolationmode sample-hold
attr title "queue length, vector"
vector 3 Pizza.sink lifeTime:vector ETV
attr interpolationmode none
attr title "lifetime of arrived jobs, vector"
attr unit s
vector 4 Pizza.sink lifeTimeU1:vector ETV
attr interpolationmode none
attr title "lifetime of arrived jobs, vector"
attr unit s
vector 5 Pizza.sink lifeTimeU2:vector ETV
attr interpolationmode none
attr title "lifetime of arrived jobs, vector"
attr unit s
0	0	0	0
0	21	1.907893945897	1
0	25	2.083502027234	2
0	28	2.448408400385	3
0	29	2.704536815502	2
0	38	3.765925530593	1
0	43	4.446252686648	0
0	55	6.665063224829	1
0	58	7.642138816179	2
0	60	8.370423982247	1
0	64	9.306358350106	2
0	68	10.559835936641	3
0	70	11.500513204696	4
0	71	11.85271860619	3
0	76	14.098040946837	2
0	81	14.377165055305	1
0	85	14.757140807609	2
0	87	16.107675452265	3
0	95	18.204695519153	4
0	96	20.697144789248	3
0	101	21.166259105171	2
0	106	23.477411241464	1
0	114	26.090747909011	2
0	118	26.816511586325	1
0	125	27.537168756112	0
0	131	27.826988539055	1
0	132	29.171861939982	0
0	153	35.526919019987	1
0	155	35.614512833783	2
0	163	37.069779748067	1
0	171	37.647033278751	2
0	173	37.94574795066	3
0	175	38.09107334273	4
0	176	38.335813599232	3
0	184	38.961634603063	4
0	188	39.836309225359	5
0	189	39.968722915694	4
0	195	40.027829360812	3
0	200	40.363649246669	2
0	206	40.920685041657	1
0	211	41.113584394978	0
0	237	44.640594402882	1
0	239	44.930478888708	2
0	242	45.440442158526	1
0	248	45.64419350794	0
0	254	45.651359061656	1
0	258	46.652721131118	0
0	264	47.005626961684	1
0	266	47.086498868998	2
0	267	47.412117582826	1
0	271	47.769506604169	2
0	275	47.987025946955	3
0	277	48.310274508507	4
0	278	48.348340687245	3
0	288	50.310117538806	4
0	292	51.610555789623	3
0	297	51.616405731816	2
0	302	52.066475784157	1
0	308	53.93197379468	2
0	310	54.278360452147	3
0	313	55.544721299609	2
0	317	55.73574434507	3
0	319	55.974535025717	4
0	321	56.117407205001	5
0	324	58.943281908277	4
0	330	59.803190415306	5
0	331	60.358420269287	4
0	336	62.065141428874	3
0	340	62.393946480351	4
0	345	63.237486871002	3
0	349	63.752792920703	4
0	351	63.837919161845	5
0	354	64.348967215946	4
0	359	65.367826608047	3
0	364	67.555095872724	2
0	368	68.504452959154	3
0	370	68.656475467981	4
0	372	68.815279292228	5
0	375	71.096528677682	4
0	379	72.433582920455	5
0	385	73.47641684768	6
0	387	73.545276252643	7
0	389	73.961311519077	6
0	394	74.646741811073	5
0	399	75.731889361265	4
0	403	75.817453311159	5
0	407	77.224442945154	4
0	412	77.509940461593	3
0	423	81.89609284431	4
0	424	82.804249501083	3
0	429	83.053455100737	2
0	439	86.438689609761	1
0	444	87.05279352828	0
0	465	89.600708929141	1
0	471	91.782290693164	2
0	472	92.053945374645	1
0	479	92.586950369561	0
0	500	95.73714064228	1
0	502	97.279599058069	2
0	508	98.575557260971	3
0	509	98.781872882784	2
0	515	99.054069068821	3
0	517	99.354129625785	4
0	519	99.446796107348	3
0	525	99.447200976747	4
1	0	0	0
2	0	0	0
2	35	2.953741462452	1
2	37	3.111817729786	2
2	49	5.500321105014	1
2	89	16.867922957892	2
2	91	17.808113605902	3
2	110	25.696405118597	4
2	112	25.887707780409	5
2	137	30.102828390846	4
2	142	30.444388779799	3
2	147	30.484643034449	2
2	151	31.567575399739	3
2	157	35.734047051924	4
2	159	36.479915481665	5
2	182	38.957255113623	6
2	217	42.280272879729	5
2	222	42.817987914926	4
2	230	43.743078103508	5
2	231	44.628023734049	4
2	241	45.387382834838	5
2	256	46.022372821764	6
2	282	49.381993971874	7
2	284	49.536829311414	8
2	286	49.658147160588	9
2	306	52.431599319489	10
2	342	62.396555912455	11
2	381	72.597303277452	12
2	416	79.281942414902	13
2	418	79.575421651855	14
2	435	84.619698406624	15
2	438	85.74236295521	16
2	449	87.402338851591	15
2	454	87.814223759791	14
2	461	89.441767839852	13
2	467	90.608983752524	14
2	484	92.60497621673	13
2	491	94.206653525682	14
2	493	95.652236542571	13
2	504	97.428577637029	14
2	506	98.339730185388	15
3	8	0.965486833298	0.944630143657
3	16	1.533024504575	0.11836098049
3	31	2.704536815502	0.89140936595
3	40	3.765925530593	1.858031584696
3	45	4.446252686648	2.362750659414
3	51	5.500321105014	3.051912704629
3	62	8.370423982247	5.416682519795
3	73	11.85271860619	5.187655381361
3	78	14.098040946837	6.455902130658
3	83	14.377165055305	5.070806705199
3	98	20.697144789248	10.137308852607
3	103	21.166259105171	9.665745900475
3	108	23.477411241464	8.720270433855
3	120	26.816511586325	10.70883613406
3	127	27.537168756112	9.332473236959
3	134	29.171861939982	3.081114030971
3	139	30.102828390846	2.275839851791
3	144	30.444388779799	27.332571050013
3	149	30.484643034449	13.616720076557
3	165	37.069779748067	19.261666142165
3	178	38.335813599232	2.808894579245
3	191	39.968722915694	4.354210081911
3	197	40.027829360812	2.380796082061
3	202	40.363649246669	2.417901296009
3	208	40.920685041657	2.829611698927
3	213	41.113584394978	2.151949791915
3	219	42.280272879729	2.44396365437
3	224	42.817987914926	17.121582796329
3	233	44.628023734049	18.74031595364
3	244	45.440442158526	13.872866758787
3	250	45.64419350794	1.003599105058
3	260	46.652721131118	1.72224224241
3	269	47.412117582826	1.76075852117
3	280	48.348340687245	1.342713725561
3	294	51.610555789623	4.524056920625
3	299	51.616405731816	3.846899127647
3	304	52.066475784157	4.079449837202
3	315	55.544721299609	7.234446791102
3	326	58.943281908277	8.633164369471
3	333	60.358420269287	6.426446474607
3	338	62.065141428874	7.786780976727
3	347	63.237486871002	7.501742525932
3	356	64.348967215946	8.374432190229
3	361	65.367826608047	9.250419403046
3	366	67.555095872724	7.751905457418
3	377	71.096528677682	8.702582197331
3	391	73.961311519077	10.208518598374
3	396	74.646741811073	10.808822649228
3	401	75.731889361265	7.227436402111
3	409	77.224442945154	8.567967477173
3	414	77.509940461593	8.694661169365
3	426	82.804249501083	10.370666580628
3	431	83.053455100737	9.577038253057
3	441	86.438689609761	12.893413357118
3	446	87.05279352828	11.235340217121
3	451	87.402338851591	5.506246007281
3	456	87.814223759791	52.080176707867
3	463	89.441767839852	52.961852358187
3	474	92.053945374645	53.096690261022
3	481	92.586950369561	2.98624144042
3	486	92.60497621673	0.822685523566
3	495	95.652236542571	51.909158439063
3	511	98.781872882784	53.394490047946
3	521	99.446796107348	3.709655465068
4	8	0.965486833298	0.944630143657
4	16	1.533024504575	0.11836098049
4	40	3.765925530593	1.858031584696
4	45	4.446252686648	2.362750659414
4	51	5.500321105014	3.051912704629
4	73	11.85271860619	5.187655381361
4	78	14.098040946837	6.455902130658
4	83	14.377165055305	5.070806705199
4	98	20.697144789248	10.137308852607
4	103	21.166259105171	9.665745900475
4	108	23.477411241464	8.720270433855
4	120	26.816511586325	10.70883613406
4	127	27.537168756112	9.332473236959
4	134	29.171861939982	3.081114030971
4	139	30.102828390846	2.275839851791
4	178	38.335813599232	2.808894579245
4	191	39.968722915694	4.354210081911
4	197	40.027829360812	2.380796082061
4	202	40.363649246669	2.417901296009
4	208	40.920685041657	2.829611698927
4	213	41.113584394978	2.151949791915
4	219	42.280272879729	2.44396365437
4	250	45.64419350794	1.003599105058
4	260	46.652721131118	1.72224224241
4	269	47.412117582826	1.76075852117
4	280	48.348340687245	1.342713725561
4	294	51.610555789623	4.524056920625
4	299	51.616405731816	3.846899127647
4	304	52.066475784157	4.079449837202
4	315	55.544721299609	7.234446791102
4	326	58.943281908277	8.633164369471
4	333	60.358420269287	6.426446474607
4	338	62.065141428874	7.786780976727
4	347	63.237486871002	7.501742525932
4	356	64.348967215946	8.374432190229
4	361	65.367826608047	9.250419403046
4	366	67.555095872724	7.751905457418
4	377	71.096528677682	8.702582197331
4	391	73.961311519077	10.208518598374
4	396	74.646741811073	10.808822649228
4	401	75.731889361265	7.227436402111
4	409	77.224442945154	8.567967477173
4	414	77.509940461593	8.694661169365
4	426	82.804249501083	10.370666580628
4	431	83.053455100737	9.577038253057
4	441	86.438689609761	12.893413357118
4	446	87.05279352828	11.235340217121
4	451	87.402338851591	5.506246007281
4	481	92.586950369561	2.98624144042
4	486	92.60497621673	0.822685523566
4	521	99.446796107348	3.709655465068
5	31	2.704536815502	0.89140936595
5	62	8.370423982247	5.416682519795
5	144	30.444388779799	27.332571050013
5	149	30.484643034449	13.616720076557
5	165	37.069779748067	19.261666142165
5	224	42.817987914926	17.121582796329
5	233	44.628023734049	18.74031595364
5	244	45.440442158526	13.872866758787
5	456	87.814223759791	52.080176707867
5	463	89.441767839852	52.961852358187
5	474	92.053945374645	53.096690261022
5	495	95.652236542571	51.909158439063
5	511	98.781872882784	53.394490047946

