version 2
run Second-n2-12-20191125-12:37:10-9108
attr configname Second-n2
attr datetime 20191125-12:37:10
attr experiment Second-n2
attr inifile omnetpp.ini
attr iterationvars ""
attr iterationvarsf ""
attr measurement ""
attr network org.omnetpp.queueing.Pizza
attr processid 9108
attr repetition 12
attr replication ""
attr resultdir results_no_transient
attr runnumber 12
attr seedset 12
param **.PS.maxInventoriedPS 2
param **.U1.interArrivalTime exponential(3s)
param **.U2.interArrivalTime exponential(5s)
param **.PS.serviceTimeForInventoryU1 exponential(1.0s)
param **.PS.serviceTimeForInventoryU2 exponential(1.2s)
param **.PS.serviceTimeDirectU1 exponential(1.4s)
param **.PS.serviceTimeDirectU2 exponential(1.4s)
param **.PS.probabilityProducing 0.7
param **.CS.serviceTimeU1 exponential(1.1s)
param **.CS.serviceTimeU2 exponential(1.4s)

vector 0 Pizza.EntryQueueU1 queueLength:vector ETV
attr interpolationmode sample-hold
attr title "queue length, vector"
vector 1 Pizza.CS queueLength:vector ETV
attr interpolationmode sample-hold
attr title "queue length, vector"
vector 2 Pizza.EntryQueueU2 queueLength:vector ETV
attr interpolationmode sample-hold
attr title "queue length, vector"
vector 3 Pizza.sink lifeTime:vector ETV
attr interpolationmode none
attr title "lifetime of arrived jobs, vector"
attr unit s
vector 4 Pizza.sink lifeTimeU1:vector ETV
attr interpolationmode none
attr title "lifetime of arrived jobs, vector"
attr unit s
vector 5 Pizza.sink lifeTimeU2:vector ETV
attr interpolationmode none
attr title "lifetime of arrived jobs, vector"
attr unit s
0	0	0	0
0	12	4.544079627315	1
0	15	4.647742685778	2
0	17	4.749720756831	3
0	18	4.810059113956	2
0	23	4.972400601896	1
0	29	5.008108668951	2
0	31	6.212105333864	1
0	37	7.802955186689	2
0	39	7.809740571748	3
0	43	8.441445705322	4
0	44	8.892321783	3
0	51	10.500077726359	2
0	56	10.523210037402	1
0	64	13.677817577402	0
0	98	19.213807240134	1
0	99	19.830582962333	0
0	115	27.254329639338	1
0	116	30.301844575787	0
0	152	45.044035226983	1
0	154	45.128949074368	2
0	156	45.172763329395	3
0	158	46.243517076394	4
0	159	46.734196233775	3
0	164	46.796446890613	2
0	171	48.000162283582	3
0	174	48.148422434844	4
0	175	48.593491613728	3
0	180	48.930799503297	2
0	187	49.287758510147	1
0	191	50.697155427628	2
0	194	51.50159208459	1
0	201	53.252832721104	2
0	203	55.195140541416	1
0	208	55.264532314016	0
0	215	56.366000253695	1
0	217	57.677118488129	0
0	239	62.017932528269	1
0	244	63.787685402185	2
0	246	64.780649169828	3
0	247	65.14221356906	2
0	252	65.667078389487	1
0	258	66.090460303613	0
0	282	72.524797405891	1
0	284	72.542578068392	2
0	286	73.693445706813	3
0	287	74.219015947998	2
0	296	76.508571297063	1
0	303	76.782883654816	2
0	304	76.92038854049	1
0	310	77.000188246743	2
0	313	78.694815945504	1
0	319	79.273967513048	0
0	332	80.134504085653	1
0	334	80.598089688993	2
0	335	81.403724003723	1
0	341	82.627033251722	0
0	353	83.730114075472	1
0	354	83.935564350537	0
0	367	85.275564676753	1
0	369	85.513726081867	2
0	370	85.906137913059	1
0	375	86.113459684587	0
0	388	88.300375545265	1
0	390	89.523035773054	2
0	391	89.554949914086	1
0	396	89.5637890098	0
0	406	90.139788131913	1
0	410	90.608348075547	0
0	417	92.618666487616	1
0	419	93.177287517909	2
0	420	93.291652160203	1
0	425	93.596112370555	0
0	429	95.733215836147	1
0	433	97.75887224072	2
0	435	98.000678194746	1
0	442	99.318745773523	2
0	445	99.803563896164	3
0	446	99.854404348502	2
1	0	0	0
2	0	0	0
2	5	2.95495467354	1
2	10	4.482929231949	2
2	69	13.926940075888	1
2	74	14.405611961738	0
2	90	17.033867706903	1
2	91	17.788318489074	0
2	186	49.133921227796	1
2	223	58.671787672331	0
2	237	61.255391530935	1
2	242	63.404280299306	2
2	263	66.584594047541	1
2	270	68.946951530266	2
2	274	70.516902554558	3
2	275	70.685358590987	2
2	295	76.46518199087	3
2	312	77.812243321742	4
2	325	79.841108010217	3
2	346	83.637594887034	2
2	359	84.525180294965	1
2	382	87.298456175223	0
2	403	89.932282510455	1
2	408	90.374463638783	2
3	20	4.810059113956	4.307773847706
3	25	4.972400601896	0.428320974581
3	33	6.212105333864	1.564362648086
3	46	8.892321783	4.142601026169
3	53	10.500077726359	5.491969057408
3	58	10.523210037402	2.720254850713
3	66	13.677817577402	5.868077005654
3	71	13.926940075888	5.485494370566
3	76	14.405611961738	11.450657288198
3	80	14.481778964619	9.99884973267
3	93	17.788318489074	2.212768496271
3	101	19.830582962333	2.79671525543
3	106	20.43305819979	1.219250959656
3	118	30.301844575787	5.858970815509
3	123	31.773364129036	4.519034489698
3	131	37.627094275575	0.514759018758
3	138	38.632016095347	0.050122188041
3	145	42.143037552439	0.428950166213
3	161	46.734196233775	4.193840442866
3	166	46.796446890613	1.75241166363
3	177	48.593491613728	3.46454253936
3	182	48.930799503297	3.758036173902
3	189	49.287758510147	3.044241433753
3	196	51.50159208459	3.501429801008
3	205	55.195140541416	7.046718106572
3	210	55.264532314016	4.567376886388
3	219	57.677118488129	4.424285767025
3	225	58.671787672331	2.305787418636
3	229	58.910087875666	9.77616664787
3	249	65.14221356906	3.977519482018
3	254	65.667078389487	3.649145861218
3	260	66.090460303613	2.302774901428
3	265	66.584594047541	1.803944877713
3	277	70.685358590987	9.429967060052
3	289	74.219015947998	10.814735648692
3	298	76.508571297063	3.983773891172
3	306	76.92038854049	4.377810472098
3	315	78.694815945504	5.001370238691
3	321	79.273967513048	2.491083858232
3	327	79.841108010217	2.840919763474
3	337	81.403724003723	12.456772473457
3	343	82.627033251722	2.492529166069
3	348	83.637594887034	3.039505198041
3	356	83.935564350537	13.418661795979
3	361	84.525180294965	0.795066219493
3	372	85.906137913059	9.440955922189
3	377	86.113459684587	0.837895007834
3	384	87.298456175223	1.784730093356
3	393	89.554949914086	11.742706592344
3	398	89.5637890098	1.263413464535
3	412	90.608348075547	1.085312302493
3	422	93.291652160203	3.15186402829
3	427	93.596112370555	0.977445882939
3	437	98.000678194746	4.823390676837
3	448	99.854404348502	4.121188512355
4	20	4.810059113956	4.307773847706
4	25	4.972400601896	0.428320974581
4	33	6.212105333864	1.564362648086
4	46	8.892321783	4.142601026169
4	53	10.500077726359	5.491969057408
4	58	10.523210037402	2.720254850713
4	66	13.677817577402	5.868077005654
4	71	13.926940075888	5.485494370566
4	93	17.788318489074	2.212768496271
4	106	20.43305819979	1.219250959656
4	118	30.301844575787	5.858970815509
4	123	31.773364129036	4.519034489698
4	131	37.627094275575	0.514759018758
4	166	46.796446890613	1.75241166363
4	177	48.593491613728	3.46454253936
4	182	48.930799503297	3.758036173902
4	189	49.287758510147	3.044241433753
4	196	51.50159208459	3.501429801008
4	205	55.195140541416	7.046718106572
4	210	55.264532314016	4.567376886388
4	219	57.677118488129	4.424285767025
4	225	58.671787672331	2.305787418636
4	254	65.667078389487	3.649145861218
4	260	66.090460303613	2.302774901428
4	265	66.584594047541	1.803944877713
4	298	76.508571297063	3.983773891172
4	306	76.92038854049	4.377810472098
4	315	78.694815945504	5.001370238691
4	321	79.273967513048	2.491083858232
4	327	79.841108010217	2.840919763474
4	343	82.627033251722	2.492529166069
4	348	83.637594887034	3.039505198041
4	361	84.525180294965	0.795066219493
4	377	86.113459684587	0.837895007834
4	384	87.298456175223	1.784730093356
4	398	89.5637890098	1.263413464535
4	412	90.608348075547	1.085312302493
4	422	93.291652160203	3.15186402829
4	427	93.596112370555	0.977445882939
4	437	98.000678194746	4.823390676837
4	448	99.854404348502	4.121188512355
5	76	14.405611961738	11.450657288198
5	80	14.481778964619	9.99884973267
5	101	19.830582962333	2.79671525543
5	138	38.632016095347	0.050122188041
5	145	42.143037552439	0.428950166213
5	161	46.734196233775	4.193840442866
5	229	58.910087875666	9.77616664787
5	249	65.14221356906	3.977519482018
5	277	70.685358590987	9.429967060052
5	289	74.219015947998	10.814735648692
5	337	81.403724003723	12.456772473457
5	356	83.935564350537	13.418661795979
5	372	85.906137913059	9.440955922189
5	393	89.554949914086	11.742706592344

