version 2
run Second-n3-7-20191125-12:37:10-4292
attr configname Second-n3
attr datetime 20191125-12:37:10
attr experiment Second-n3
attr inifile omnetpp.ini
attr iterationvars ""
attr iterationvarsf ""
attr measurement ""
attr network org.omnetpp.queueing.Pizza
attr processid 4292
attr repetition 7
attr replication ""
attr resultdir results_no_transient
attr runnumber 7
attr seedset 7
param **.PS.maxInventoriedPS 3
param **.U1.interArrivalTime exponential(3s)
param **.U2.interArrivalTime exponential(5s)
param **.PS.serviceTimeForInventoryU1 exponential(1.0s)
param **.PS.serviceTimeForInventoryU2 exponential(1.2s)
param **.PS.serviceTimeDirectU1 exponential(1.4s)
param **.PS.serviceTimeDirectU2 exponential(1.4s)
param **.PS.probabilityProducing 0.7
param **.CS.serviceTimeU1 exponential(1.1s)
param **.CS.serviceTimeU2 exponential(1.4s)

vector 0 Pizza.EntryQueueU1 queueLength:vector ETV
attr interpolationmode sample-hold
attr title "queue length, vector"
vector 1 Pizza.CS queueLength:vector ETV
attr interpolationmode sample-hold
attr title "queue length, vector"
vector 2 Pizza.EntryQueueU2 queueLength:vector ETV
attr interpolationmode sample-hold
attr title "queue length, vector"
vector 3 Pizza.sink lifeTime:vector ETV
attr interpolationmode none
attr title "lifetime of arrived jobs, vector"
attr unit s
vector 4 Pizza.sink lifeTimeU1:vector ETV
attr interpolationmode none
attr title "lifetime of arrived jobs, vector"
attr unit s
vector 5 Pizza.sink lifeTimeU2:vector ETV
attr interpolationmode none
attr title "lifetime of arrived jobs, vector"
attr unit s
0	0	0	0
0	14	4.779406805032	1
0	18	7.09919964411	2
0	25	8.293738667358	1
0	30	8.735642724385	0
0	39	9.185371518969	1
0	41	10.205017169046	2
0	44	10.71731878631	1
0	52	13.552145425386	2
0	54	13.627788794119	3
0	56	14.25607095439	2
0	61	14.544004970507	1
0	70	17.449857264656	0
0	76	17.795838593344	1
0	80	18.440455724807	2
0	81	18.666101870032	1
0	89	20.464998013627	2
0	91	21.436023181772	3
0	92	21.989219658012	2
0	98	25.474056702641	1
0	103	25.643441004415	0
0	119	26.894981724712	1
0	122	28.214795876663	0
0	145	34.509658811638	1
0	148	35.312917520559	0
0	162	38.009890808985	1
0	164	39.393743662576	0
0	170	40.239081990652	1
0	173	42.255722642964	2
0	174	42.816453683999	1
0	180	43.222796192796	0
0	195	51.492504267835	1
0	196	52.848896489422	0
0	204	54.722176042406	1
0	205	54.874935616941	0
0	238	61.699724717446	1
0	239	62.144759122662	0
0	270	68.874108476979	1
0	273	70.35617239217	0
0	279	70.811551307924	1
0	280	70.915344590875	0
0	307	74.601045340538	1
0	310	74.728430980443	2
0	313	75.128688178886	1
0	319	75.728375274321	0
0	339	79.016225992139	1
0	340	79.052423771455	0
0	372	86.19773624043	1
0	373	86.940957252937	0
1	0	0	0
2	0	0	0
2	7	1.289574873422	1
2	8	2.18990419039	0
2	12	4.329791302035	1
2	16	6.170730166792	2
2	24	7.702478603867	3
2	35	8.810674482697	2
2	50	13.387633074881	3
2	67	14.910647028529	4
2	110	26.30676230941	3
2	115	26.771966368934	2
2	128	28.783948391683	3
2	129	28.800784069447	2
2	135	32.706096991091	1
2	141	33.484379937873	0
2	272	70.332671830728	1
2	285	71.090430214518	0
2	291	71.299257072175	1
2	293	71.658091014855	2
2	295	72.523782726789	1
2	301	73.305123273884	0
2	312	75.084155281443	1
2	325	75.991741203	0
2	370	84.890015659863	1
2	379	87.27668836886	0
2	385	88.586925285852	1
2	386	91.68412240699	0
3	10	2.18990419039	1.951773455984
3	27	8.293738667358	7.004163793936
3	32	8.735642724385	3.956235919353
3	37	8.810674482697	1.711474838587
3	46	10.71731878631	6.387527484275
3	58	14.25607095439	5.070699435421
3	63	14.544004970507	4.338987801461
3	72	17.449857264656	3.89771183927
3	83	18.666101870032	5.038313075913
3	94	21.989219658012	4.193381064668
3	100	25.474056702641	7.033600977834
3	105	25.643441004415	5.178442990788
3	112	26.30676230941	4.870739127638
3	117	26.771966368934	20.601236202142
3	124	28.214795876663	20.512317272796
3	131	28.800784069447	1.905802344735
3	137	32.706096991091	19.31846391621
3	143	33.484379937873	18.573732909344
3	150	35.312917520559	6.528969128876
3	154	35.314488208665	0.804829397027
3	166	39.393743662576	1.674252472901
3	176	42.816453683999	4.806562875014
3	182	43.222796192796	2.983714202144
3	186	43.517636724085	1.261914081121
3	198	52.848896489422	2.641121866587
3	207	54.874935616941	3.382431349106
3	211	54.985465505695	0.263289463289
3	220	57.091705072351	1.261838763531
3	227	58.218443353759	0.393000906218
3	241	62.144759122662	2.228311934158
3	246	62.823848554214	1.124123836768
3	253	63.786318952548	0.241581017916
3	260	65.151369310974	0.437098385783
3	275	70.35617239217	2.29331283446
3	282	70.915344590875	2.041236113896
3	287	71.090430214518	0.278878906594
3	297	72.523782726789	2.191110896061
3	303	73.305123273884	2.005866201709
3	315	75.128688178886	3.470597164031
3	321	75.728375274321	1.127329933783
3	327	75.991741203	1.263310222557
3	332	78.45980001402	3.375644732577
3	342	79.052423771455	0.366693925364
3	346	79.208744526102	0.192518533963
3	354	79.974755867348	0.260058286896
3	362	82.361370868993	0.736584132145
3	375	86.940957252937	3.296965583696
3	381	87.27668836886	1.07895212843
3	388	91.68412240699	6.794106747127
3	392	92.807788054872	4.22086276902
3	399	96.480017098154	3.009922102017
3	406	97.827786181454	0.546602911792
3	413	98.296678181916	0.462733528471
4	10	2.18990419039	1.951773455984
4	32	8.735642724385	3.956235919353
4	37	8.810674482697	1.711474838587
4	58	14.25607095439	5.070699435421
4	63	14.544004970507	4.338987801461
4	72	17.449857264656	3.89771183927
4	83	18.666101870032	5.038313075913
4	94	21.989219658012	4.193381064668
4	100	25.474056702641	7.033600977834
4	105	25.643441004415	5.178442990788
4	112	26.30676230941	4.870739127638
4	131	28.800784069447	1.905802344735
4	154	35.314488208665	0.804829397027
4	166	39.393743662576	1.674252472901
4	176	42.816453683999	4.806562875014
4	182	43.222796192796	2.983714202144
4	186	43.517636724085	1.261914081121
4	207	54.874935616941	3.382431349106
4	211	54.985465505695	0.263289463289
4	220	57.091705072351	1.261838763531
4	227	58.218443353759	0.393000906218
4	241	62.144759122662	2.228311934158
4	246	62.823848554214	1.124123836768
4	253	63.786318952548	0.241581017916
4	275	70.35617239217	2.29331283446
4	282	70.915344590875	2.041236113896
4	287	71.090430214518	0.278878906594
4	321	75.728375274321	1.127329933783
4	327	75.991741203	1.263310222557
4	346	79.208744526102	0.192518533963
4	362	82.361370868993	0.736584132145
4	381	87.27668836886	1.07895212843
4	406	97.827786181454	0.546602911792
4	413	98.296678181916	0.462733528471
5	27	8.293738667358	7.004163793936
5	46	10.71731878631	6.387527484275
5	117	26.771966368934	20.601236202142
5	124	28.214795876663	20.512317272796
5	137	32.706096991091	19.31846391621
5	143	33.484379937873	18.573732909344
5	150	35.312917520559	6.528969128876
5	198	52.848896489422	2.641121866587
5	260	65.151369310974	0.437098385783
5	297	72.523782726789	2.191110896061
5	303	73.305123273884	2.005866201709
5	315	75.128688178886	3.470597164031
5	332	78.45980001402	3.375644732577
5	342	79.052423771455	0.366693925364
5	354	79.974755867348	0.260058286896
5	375	86.940957252937	3.296965583696
5	388	91.68412240699	6.794106747127
5	392	92.807788054872	4.22086276902
5	399	96.480017098154	3.009922102017

