version 2
run Second-n5-14-20191125-12:37:36-10872
attr configname Second-n5
attr datetime 20191125-12:37:36
attr experiment Second-n5
attr inifile omnetpp.ini
attr iterationvars ""
attr iterationvarsf ""
attr measurement ""
attr network org.omnetpp.queueing.Pizza
attr processid 10872
attr repetition 14
attr replication ""
attr resultdir results_no_transient
attr runnumber 14
attr seedset 14
param **.PS.maxInventoriedPS 5
param **.U1.interArrivalTime exponential(3s)
param **.U2.interArrivalTime exponential(5s)
param **.PS.serviceTimeForInventoryU1 exponential(1.0s)
param **.PS.serviceTimeForInventoryU2 exponential(1.2s)
param **.PS.serviceTimeDirectU1 exponential(1.4s)
param **.PS.serviceTimeDirectU2 exponential(1.4s)
param **.PS.probabilityProducing 0.7
param **.CS.serviceTimeU1 exponential(1.1s)
param **.CS.serviceTimeU2 exponential(1.4s)

vector 0 Pizza.EntryQueueU1 queueLength:vector ETV
attr interpolationmode sample-hold
attr title "queue length, vector"
vector 1 Pizza.CS queueLength:vector ETV
attr interpolationmode sample-hold
attr title "queue length, vector"
vector 2 Pizza.EntryQueueU2 queueLength:vector ETV
attr interpolationmode sample-hold
attr title "queue length, vector"
vector 3 Pizza.sink lifeTime:vector ETV
attr interpolationmode none
attr title "lifetime of arrived jobs, vector"
attr unit s
vector 4 Pizza.sink lifeTimeU1:vector ETV
attr interpolationmode none
attr title "lifetime of arrived jobs, vector"
attr unit s
vector 5 Pizza.sink lifeTimeU2:vector ETV
attr interpolationmode none
attr title "lifetime of arrived jobs, vector"
attr unit s
0	0	0	0
0	61	19.864288770696	1
0	62	20.581764436503	0
0	68	20.788263961668	1
0	69	21.009335433114	0
0	163	53.137131477294	1
0	165	54.350018071788	2
0	166	54.36104164091	1
0	173	55.975614749179	0
0	180	57.261231199309	1
0	182	57.543825054176	2
0	183	58.421011889674	1
0	189	59.225303384524	2
0	191	59.454558776752	3
0	192	59.456386982717	2
0	199	59.65512996969	1
0	206	60.501928309036	2
0	207	60.607421071346	1
0	212	61.202036415125	0
0	218	61.207127230007	1
0	220	61.467297092319	2
0	224	62.595326244037	1
0	229	62.68067962781	0
0	235	62.934907056383	1
0	236	63.036310719268	0
0	248	65.030169782145	1
0	250	65.074285279443	2
0	252	66.117880891197	1
0	257	66.205028468505	0
0	295	76.549579667407	1
0	299	77.663789706204	2
0	300	78.899527602391	1
0	305	79.153274174061	0
0	320	82.126269120924	1
0	321	82.150374992933	0
0	341	85.44165328513	1
0	343	86.02812729219	2
0	348	86.714522060063	3
0	351	89.324467812582	2
0	356	89.334960415247	1
0	361	89.860459519457	0
0	373	91.031438156129	1
0	374	91.146938754745	0
1	0	0	0
2	0	0	0
2	47	16.15121956157	1
2	51	17.046240424524	0
2	141	45.334622012657	1
2	143	51.58684436707	2
2	144	51.789225578779	1
2	149	51.952456537342	0
2	198	59.559166510089	1
2	242	65.006127733133	0
2	328	84.631861733743	1
2	329	84.742433947647	0
2	350	88.367554332084	1
2	366	90.149646114798	0
2	390	95.405849319453	1
2	391	95.677267536525	0
3	7	3.679748173176	1.515457943932
3	17	7.036345118289	0.421457034123
3	26	9.174571011095	1.806619580428
3	35	10.92119323965	1.230087660488
3	42	14.702830085183	1.954424038524
3	53	17.046240424524	2.179716761762
3	64	20.581764436503	4.430544874933
3	71	21.009335433114	1.145046662418
3	75	21.105066945178	0.31680298351
3	83	21.419523276679	0.070816443623
3	91	22.006734660417	0.576517092658
3	102	27.937388126101	0.058298344515
3	112	34.411528597778	1.462247208748
3	120	38.805007262677	4.027361593983
3	127	40.523823064237	0.334308905101
3	134	41.503614164208	0.349799678936
3	146	51.789225578779	7.62487531883
3	151	51.952456537342	6.617834524685
3	155	52.113007172361	0.526162805291
3	168	54.36104164091	1.358098176857
3	175	55.975614749179	2.838483271885
3	185	58.421011889674	4.070993817886
3	194	59.456386982717	2.195155783408
3	201	59.65512996969	2.111304915514
3	209	60.607421071346	1.382117686822
3	214	61.202036415125	1.747477638373
3	226	62.595326244037	2.093397935001
3	231	62.68067962781	1.473552397803
3	238	63.036310719268	1.569013626949
3	244	65.006127733133	2.07122067675
3	254	66.117880891197	6.558714381108
3	259	66.205028468505	1.17485868636
3	263	66.841174197128	1.766888917685
3	274	70.407785625123	0.378608014757
3	282	73.36962182453	0.094911062786
3	289	74.863264601	0.503242217803
3	302	78.899527602391	2.534224943763
3	307	79.153274174061	2.603694506654
3	311	79.548992363806	1.885202657602
3	323	82.150374992933	0.342597930061
3	331	84.742433947647	2.616164826723
3	336	85.065865233526	0.434003499783
3	353	89.324467812582	3.977037558846
3	358	89.334960415247	3.893307130117
3	363	89.860459519457	3.832332227267
3	368	90.149646114798	3.435124054735
3	376	91.146938754745	2.779384422661
3	381	91.481114832734	0.449676676605
3	393	95.677267536525	2.716438775735
3	397	96.276549731219	0.870700411766
3	406	98.250097233396	1.75539287055
3	414	98.656306709321	0.02352329498
3	422	99.718312739192	0.656177497818
4	7	3.679748173176	1.515457943932
4	17	7.036345118289	0.421457034123
4	26	9.174571011095	1.806619580428
4	35	10.92119323965	1.230087660488
4	71	21.009335433114	1.145046662418
4	75	21.105066945178	0.31680298351
4	83	21.419523276679	0.070816443623
4	91	22.006734660417	0.576517092658
4	102	27.937388126101	0.058298344515
4	112	34.411528597778	1.462247208748
4	175	55.975614749179	2.838483271885
4	185	58.421011889674	4.070993817886
4	194	59.456386982717	2.195155783408
4	201	59.65512996969	2.111304915514
4	209	60.607421071346	1.382117686822
4	214	61.202036415125	1.747477638373
4	226	62.595326244037	2.093397935001
4	231	62.68067962781	1.473552397803
4	238	63.036310719268	1.569013626949
4	244	65.006127733133	2.07122067675
4	259	66.205028468505	1.17485868636
4	263	66.841174197128	1.766888917685
4	282	73.36962182453	0.094911062786
4	307	79.153274174061	2.603694506654
4	311	79.548992363806	1.885202657602
4	323	82.150374992933	0.342597930061
4	331	84.742433947647	2.616164826723
4	358	89.334960415247	3.893307130117
4	363	89.860459519457	3.832332227267
4	368	90.149646114798	3.435124054735
4	381	91.481114832734	0.449676676605
4	393	95.677267536525	2.716438775735
4	414	98.656306709321	0.02352329498
5	42	14.702830085183	1.954424038524
5	53	17.046240424524	2.179716761762
5	64	20.581764436503	4.430544874933
5	120	38.805007262677	4.027361593983
5	127	40.523823064237	0.334308905101
5	134	41.503614164208	0.349799678936
5	146	51.789225578779	7.62487531883
5	151	51.952456537342	6.617834524685
5	155	52.113007172361	0.526162805291
5	168	54.36104164091	1.358098176857
5	254	66.117880891197	6.558714381108
5	274	70.407785625123	0.378608014757
5	289	74.863264601	0.503242217803
5	302	78.899527602391	2.534224943763
5	336	85.065865233526	0.434003499783
5	353	89.324467812582	3.977037558846
5	376	91.146938754745	2.779384422661
5	397	96.276549731219	0.870700411766
5	406	98.250097233396	1.75539287055
5	422	99.718312739192	0.656177497818

