version 2
run Second-n5-12-20191125-12:37:34-10668
attr configname Second-n5
attr datetime 20191125-12:37:34
attr experiment Second-n5
attr inifile omnetpp.ini
attr iterationvars ""
attr iterationvarsf ""
attr measurement ""
attr network org.omnetpp.queueing.Pizza
attr processid 10668
attr repetition 12
attr replication ""
attr resultdir results_no_transient
attr runnumber 12
attr seedset 12
param **.PS.maxInventoriedPS 5
param **.U1.interArrivalTime exponential(3s)
param **.U2.interArrivalTime exponential(5s)
param **.PS.serviceTimeForInventoryU1 exponential(1.0s)
param **.PS.serviceTimeForInventoryU2 exponential(1.2s)
param **.PS.serviceTimeDirectU1 exponential(1.4s)
param **.PS.serviceTimeDirectU2 exponential(1.4s)
param **.PS.probabilityProducing 0.7
param **.CS.serviceTimeU1 exponential(1.1s)
param **.CS.serviceTimeU2 exponential(1.4s)

vector 0 Pizza.EntryQueueU1 queueLength:vector ETV
attr interpolationmode sample-hold
attr title "queue length, vector"
vector 1 Pizza.CS queueLength:vector ETV
attr interpolationmode sample-hold
attr title "queue length, vector"
vector 2 Pizza.EntryQueueU2 queueLength:vector ETV
attr interpolationmode sample-hold
attr title "queue length, vector"
vector 3 Pizza.sink lifeTime:vector ETV
attr interpolationmode none
attr title "lifetime of arrived jobs, vector"
attr unit s
vector 4 Pizza.sink lifeTimeU1:vector ETV
attr interpolationmode none
attr title "lifetime of arrived jobs, vector"
attr unit s
vector 5 Pizza.sink lifeTimeU2:vector ETV
attr interpolationmode none
attr title "lifetime of arrived jobs, vector"
attr unit s
0	0	0	0
0	12	4.544079627315	1
0	15	4.647742685778	2
0	17	4.749720756831	3
0	18	4.810059113956	2
0	23	4.972400601896	1
0	29	5.008108668951	2
0	31	6.212105333864	1
0	37	7.802955186689	2
0	39	7.809740571748	3
0	43	8.441445705322	4
0	44	8.892321783	3
0	51	10.434410184801	4
0	57	12.372334263112	3
0	62	12.621456761598	2
0	67	12.99755610048	1
0	72	13.057401602744	0
0	89	14.773313454113	1
0	91	15.342592783367	2
0	96	18.040394563077	1
0	102	18.642869800534	0
0	108	19.718873797494	1
0	113	24.501840616043	0
0	155	30.231430781282	1
0	157	31.014932179855	0
0	187	37.232001743605	1
0	188	37.49911257519	0
0	202	39.693749403437	1
0	204	39.92267610128	2
0	205	40.569180053697	1
0	210	40.603991292868	0
0	231	44.37109289951	1
0	232	44.469586876408	0
0	249	47.380223913291	1
0	251	48.322194527866	2
0	254	49.254615713987	1
0	262	51.825384012655	2
0	263	52.03106078021	1
0	270	54.320616129275	0
0	284	56.037959897278	1
0	289	57.190936682031	0
0	321	63.309983410506	1
0	322	63.575271031435	0
0	346	67.332374448496	1
0	347	67.956404049846	0
0	388	75.370747329166	1
0	390	75.636056006163	2
0	391	75.783507906151	1
0	403	79.591192354888	0
0	418	82.633441816338	1
0	419	83.714104024617	0
0	436	86.702603738362	1
0	438	86.791996853671	2
0	441	87.738620117559	1
0	452	89.869038199925	2
0	454	91.532211212383	3
0	455	92.662867935653	2
0	467	94.422300918855	3
0	469	94.792893844507	4
0	471	97.019532058411	5
0	472	97.486078318984	4
0	478	97.869014914235	5
0	480	99.988866492965	4
1	0	0	0
2	0	0	0
2	5	2.95495467354	1
2	10	4.482929231949	2
2	78	13.493943725309	1
2	83	13.837563059591	0
2	93	17.033867706903	1
2	95	17.682155374253	2
2	119	25.016599634801	1
2	125	25.247954788112	0
2	131	26.397266241159	1
2	132	26.663566161625	0
2	288	56.521376798087	1
2	294	57.526603221685	0
2	300	57.703835728324	1
2	302	57.820424459139	2
2	305	58.949625030595	3
2	306	60.55672060817	2
2	312	61.664775252854	3
2	313	62.018331988527	2
2	319	62.094492265677	3
2	327	63.735352878619	2
2	334	64.125562834685	3
2	335	64.205535908793	2
2	340	66.779443994094	1
2	352	68.043729898388	0
2	367	72.103712784934	1
2	368	72.104039585219	0
2	372	74.299672299794	1
2	375	74.634113684338	0
2	397	76.337439346109	1
2	401	79.005399526856	2
2	410	79.936434577345	3
2	412	82.275278434425	2
2	425	83.862126482218	3
2	427	85.567830178373	2
2	432	85.568421429755	1
2	450	89.246527453421	2
2	464	94.001630092078	3
3	20	4.810059113956	4.307773847706
3	25	4.972400601896	0.428320974581
3	33	6.212105333864	1.564362648086
3	46	8.892321783	4.142601026169
3	59	12.372334263112	7.364225594161
3	64	12.621456761598	4.818501574909
3	69	12.99755610048	5.187815528732
3	74	13.057401602744	4.615955897422
3	80	13.493943725309	3.059533540508
3	85	13.837563059591	10.882608386051
3	98	18.040394563077	13.557465331128
3	104	18.642869800534	3.869556346421
3	115	24.501840616043	9.159247832676
3	121	25.016599634801	5.297725837307
3	127	25.247954788112	8.214087081209
3	134	26.663566161625	8.981410787372
3	139	27.522960387092	1.125694145933
3	147	28.37496798841	0.814830272809
3	159	31.014932179855	0.931761549835
3	163	31.371891186705	1.140460405423
3	171	34.284757842791	1.416882476309
3	178	35.527178905534	0.41421533481
3	190	37.49911257519	0.371775052914
3	195	38.48482761424	1.252825870635
3	207	40.569180053697	1.576908690813
3	212	40.603991292868	0.910241889431
3	216	40.756415927746	0.833739826466
3	223	42.237790807506	0.909942871133
3	234	44.469586876408	2.153636799813
3	238	44.898006381032	0.526913481522
3	256	49.254615713987	3.222029284136
3	265	52.03106078021	4.650836866919
3	272	54.320616129275	5.998421601409
3	276	54.476202533465	2.65081852081
3	291	57.190936682031	2.276114721373
3	296	57.526603221685	1.488643324407
3	308	60.55672060817	4.035343810083
3	315	62.018331988527	4.314496260203
3	324	63.575271031435	5.754846572296
3	329	63.735352878619	0.425369468113
3	337	64.205535908793	5.255910878198
3	342	66.779443994094	5.11466874124
3	349	67.956404049846	5.861911784169
3	354	68.043729898388	0.711355449892
3	358	69.608030387493	5.482467552808
3	370	72.104039585219	1.085806523249
3	377	74.634113684338	2.530400899404
3	381	75.280210357218	0.980538057424
3	393	75.783507906151	0.444240376598
3	405	79.591192354888	4.220445025722
3	414	82.275278434425	6.639222428262
3	421	83.714104024617	7.376664678508
3	429	85.567830178373	2.934388362035
3	434	85.568421429755	6.563021902899
3	443	87.738620117559	7.802185540214
3	457	92.662867935653	5.960264197291
3	474	97.486078318984	10.694081465313
3	482	99.988866492965	10.11982829304
4	20	4.810059113956	4.307773847706
4	25	4.972400601896	0.428320974581
4	33	6.212105333864	1.564362648086
4	46	8.892321783	4.142601026169
4	59	12.372334263112	7.364225594161
4	64	12.621456761598	4.818501574909
4	69	12.99755610048	5.187815528732
4	74	13.057401602744	4.615955897422
4	80	13.493943725309	3.059533540508
4	104	18.642869800534	3.869556346421
4	115	24.501840616043	9.159247832676
4	121	25.016599634801	5.297725837307
4	147	28.37496798841	0.814830272809
4	159	31.014932179855	0.931761549835
4	163	31.371891186705	1.140460405423
4	178	35.527178905534	0.41421533481
4	195	38.48482761424	1.252825870635
4	207	40.569180053697	1.576908690813
4	212	40.603991292868	0.910241889431
4	216	40.756415927746	0.833739826466
4	223	42.237790807506	0.909942871133
4	238	44.898006381032	0.526913481522
4	256	49.254615713987	3.222029284136
4	265	52.03106078021	4.650836866919
4	272	54.320616129275	5.998421601409
4	276	54.476202533465	2.65081852081
4	291	57.190936682031	2.276114721373
4	296	57.526603221685	1.488643324407
4	329	63.735352878619	0.425369468113
4	354	68.043729898388	0.711355449892
4	393	75.783507906151	0.444240376598
4	405	79.591192354888	4.220445025722
4	414	82.275278434425	6.639222428262
4	429	85.567830178373	2.934388362035
4	457	92.662867935653	5.960264197291
4	474	97.486078318984	10.694081465313
4	482	99.988866492965	10.11982829304
5	85	13.837563059591	10.882608386051
5	98	18.040394563077	13.557465331128
5	127	25.247954788112	8.214087081209
5	134	26.663566161625	8.981410787372
5	139	27.522960387092	1.125694145933
5	171	34.284757842791	1.416882476309
5	190	37.49911257519	0.371775052914
5	234	44.469586876408	2.153636799813
5	308	60.55672060817	4.035343810083
5	315	62.018331988527	4.314496260203
5	324	63.575271031435	5.754846572296
5	337	64.205535908793	5.255910878198
5	342	66.779443994094	5.11466874124
5	349	67.956404049846	5.861911784169
5	358	69.608030387493	5.482467552808
5	370	72.104039585219	1.085806523249
5	377	74.634113684338	2.530400899404
5	381	75.280210357218	0.980538057424
5	421	83.714104024617	7.376664678508
5	434	85.568421429755	6.563021902899
5	443	87.738620117559	7.802185540214

