version 2
run Second-n2-3-20191125-12:36:57-1584
attr configname Second-n2
attr datetime 20191125-12:36:57
attr experiment Second-n2
attr inifile omnetpp.ini
attr iterationvars ""
attr iterationvarsf ""
attr measurement ""
attr network org.omnetpp.queueing.Pizza
attr processid 1584
attr repetition 3
attr replication ""
attr resultdir results_no_transient
attr runnumber 3
attr seedset 3
param **.PS.maxInventoriedPS 2
param **.U1.interArrivalTime exponential(3s)
param **.U2.interArrivalTime exponential(5s)
param **.PS.serviceTimeForInventoryU1 exponential(1.0s)
param **.PS.serviceTimeForInventoryU2 exponential(1.2s)
param **.PS.serviceTimeDirectU1 exponential(1.4s)
param **.PS.serviceTimeDirectU2 exponential(1.4s)
param **.PS.probabilityProducing 0.7
param **.CS.serviceTimeU1 exponential(1.1s)
param **.CS.serviceTimeU2 exponential(1.4s)

vector 0 Pizza.EntryQueueU1 queueLength:vector ETV
attr interpolationmode sample-hold
attr title "queue length, vector"
vector 1 Pizza.CS queueLength:vector ETV
attr interpolationmode sample-hold
attr title "queue length, vector"
vector 2 Pizza.EntryQueueU2 queueLength:vector ETV
attr interpolationmode sample-hold
attr title "queue length, vector"
vector 3 Pizza.sink lifeTime:vector ETV
attr interpolationmode none
attr title "lifetime of arrived jobs, vector"
attr unit s
vector 4 Pizza.sink lifeTimeU2:vector ETV
attr interpolationmode none
attr title "lifetime of arrived jobs, vector"
attr unit s
vector 5 Pizza.sink lifeTimeU1:vector ETV
attr interpolationmode none
attr title "lifetime of arrived jobs, vector"
attr unit s
0	0	0	0
0	5	2.400847172678	1
0	9	3.432143397568	2
0	11	4.111238126736	1
0	16	4.156865278345	0
0	53	12.171015222698	1
0	54	12.19423944354	0
0	100	23.6553027744	1
0	102	25.066877907579	0
0	156	34.435234095193	1
0	157	34.810874121389	0
0	163	35.784313799413	1
0	164	36.2392576773	0
0	179	39.904403458899	1
0	180	40.278190327506	0
0	226	49.145415268317	1
0	228	49.294735623396	0
0	235	49.639547466929	1
0	237	50.010177241301	2
0	239	50.634257991603	3
0	240	50.829116085858	2
0	246	50.90403446227	3
0	249	52.088048296453	2
0	255	52.103548482888	3
0	256	52.909508673455	2
0	260	53.022662057698	3
0	263	54.615249203559	2
0	271	58.459755572197	1
0	278	60.863297466311	2
0	279	60.954722086628	1
0	286	64.710538742791	0
0	302	65.484857276809	1
0	307	69.844118818162	2
0	309	70.27329342226	1
0	314	70.481391977738	0
0	322	71.745253672458	1
0	323	72.185698627999	0
0	336	73.567700268641	1
0	338	73.95330578392	2
0	343	76.240784704902	1
0	348	76.583878438714	0
0	361	77.019731747099	1
0	363	78.316550054932	0
0	385	83.860354663258	1
0	396	93.49510141521	2
0	398	94.399815968011	3
0	399	94.828477924589	2
0	405	94.914565349441	3
0	407	97.313643511526	2
0	414	98.601734772182	3
0	415	98.62616097147	2
0	421	99.632894355493	3
1	0	0	0
2	0	0	0
2	29	7.309725539762	1
2	32	7.718695458625	0
2	248	51.72775601938	1
2	267	55.621495673879	2
2	291	64.945149713809	1
2	296	65.262595648923	0
2	304	66.269309716082	1
2	330	73.119804794674	0
2	340	75.787395685239	1
2	342	75.985873923052	2
2	354	76.75939992504	3
2	355	76.84230080022	2
2	367	78.378651893647	3
2	371	79.169624081566	4
2	373	81.367803959146	5
2	374	82.213561152756	4
2	381	83.161236277135	3
2	387	84.227060477498	4
2	389	85.459107946695	5
2	394	89.350028690946	6
3	13	4.111238126736	3.744485936914
3	18	4.156865278345	1.756018105667
3	23	4.590042176982	1.157898779414
3	34	7.718695458625	1.194404042594
3	38	9.754581182254	2.444855642492
3	45	10.162137479826	0.02670154348
3	56	12.19423944354	1.866406322739
3	60	13.1659661825	0.994950959802
3	68	14.486669595735	1.315418239458
3	75	15.189210569299	0.276072085224
3	84	17.80187797722	0.21558260865
3	91	21.837939028659	1.820622360506
3	104	25.066877907579	1.701824917959
3	109	25.34733674359	1.69203396919
3	117	26.448588927808	0.345030556582
3	125	28.675302495224	0.673101928093
3	133	31.190828788795	0.366696098109
3	141	32.209506249145	0.848786816409
3	148	33.54411707106	0.072483283888
3	159	34.810874121389	0.649451988262
3	166	36.2392576773	1.804023582107
3	170	38.3804156369	2.596101837487
3	182	40.278190327506	0.581400642355
3	186	40.71185333488	0.807449875981
3	195	42.630675247184	0.395905309149
3	202	44.29025173908	0.288336138394
3	211	47.01390932949	1.801987485225
3	218	48.829772089763	0.324645095827
3	230	49.294735623396	0.357272271556
3	242	50.829116085858	1.683700817541
3	251	52.088048296453	2.448500829524
3	258	52.909508673455	2.899331432154
3	265	54.615249203559	3.980991211956
3	273	58.459755572197	7.555721109927
3	281	60.954722086628	8.85117360374
3	288	64.710538742791	11.687876685093
3	293	64.945149713809	4.081852247498
3	298	65.262595648923	13.534839629543
3	311	70.27329342226	14.651797748381
3	316	70.481391977738	4.996534700929
3	325	72.185698627999	2.341579809837
3	332	73.119804794674	1.374551122216
3	345	76.240784704902	9.97147498882
3	350	76.583878438714	3.016178170073
3	357	76.84230080022	2.8889950163
3	365	78.316550054932	2.529154369693
3	376	82.213561152756	5.193829405657
3	383	83.161236277135	7.175362354083
3	401	94.828477924589	18.069077999549
3	409	97.313643511526	13.453288848268
3	417	98.62616097147	5.13105955626
4	13	4.111238126736	3.744485936914
4	34	7.718695458625	1.194404042594
4	38	9.754581182254	2.444855642492
4	56	12.19423944354	1.866406322739
4	84	17.80187797722	0.21558260865
4	141	32.209506249145	0.848786816409
4	182	40.278190327506	0.581400642355
4	211	47.01390932949	1.801987485225
4	218	48.829772089763	0.324645095827
4	298	65.262595648923	13.534839629543
4	311	70.27329342226	14.651797748381
4	345	76.240784704902	9.97147498882
4	365	78.316550054932	2.529154369693
4	383	83.161236277135	7.175362354083
4	401	94.828477924589	18.069077999549
5	18	4.156865278345	1.756018105667
5	23	4.590042176982	1.157898779414
5	45	10.162137479826	0.02670154348
5	60	13.1659661825	0.994950959802
5	68	14.486669595735	1.315418239458
5	75	15.189210569299	0.276072085224
5	91	21.837939028659	1.820622360506
5	104	25.066877907579	1.701824917959
5	109	25.34733674359	1.69203396919
5	117	26.448588927808	0.345030556582
5	125	28.675302495224	0.673101928093
5	133	31.190828788795	0.366696098109
5	148	33.54411707106	0.072483283888
5	159	34.810874121389	0.649451988262
5	166	36.2392576773	1.804023582107
5	170	38.3804156369	2.596101837487
5	186	40.71185333488	0.807449875981
5	195	42.630675247184	0.395905309149
5	202	44.29025173908	0.288336138394
5	230	49.294735623396	0.357272271556
5	242	50.829116085858	1.683700817541
5	251	52.088048296453	2.448500829524
5	258	52.909508673455	2.899331432154
5	265	54.615249203559	3.980991211956
5	273	58.459755572197	7.555721109927
5	281	60.954722086628	8.85117360374
5	288	64.710538742791	11.687876685093
5	293	64.945149713809	4.081852247498
5	316	70.481391977738	4.996534700929
5	325	72.185698627999	2.341579809837
5	332	73.119804794674	1.374551122216
5	350	76.583878438714	3.016178170073
5	357	76.84230080022	2.8889950163
5	376	82.213561152756	5.193829405657
5	409	97.313643511526	13.453288848268
5	417	98.62616097147	5.13105955626

