version 2
run Second-n5-5-20191125-12:37:29-9456
attr configname Second-n5
attr datetime 20191125-12:37:29
attr experiment Second-n5
attr inifile omnetpp.ini
attr iterationvars ""
attr iterationvarsf ""
attr measurement ""
attr network org.omnetpp.queueing.Pizza
attr processid 9456
attr repetition 5
attr replication ""
attr resultdir results_no_transient
attr runnumber 5
attr seedset 5
param **.PS.maxInventoriedPS 5
param **.U1.interArrivalTime exponential(3s)
param **.U2.interArrivalTime exponential(5s)
param **.PS.serviceTimeForInventoryU1 exponential(1.0s)
param **.PS.serviceTimeForInventoryU2 exponential(1.2s)
param **.PS.serviceTimeDirectU1 exponential(1.4s)
param **.PS.serviceTimeDirectU2 exponential(1.4s)
param **.PS.probabilityProducing 0.7
param **.CS.serviceTimeU1 exponential(1.1s)
param **.CS.serviceTimeU2 exponential(1.4s)

vector 0 Pizza.EntryQueueU1 queueLength:vector ETV
attr interpolationmode sample-hold
attr title "queue length, vector"
vector 1 Pizza.CS queueLength:vector ETV
attr interpolationmode sample-hold
attr title "queue length, vector"
vector 2 Pizza.EntryQueueU2 queueLength:vector ETV
attr interpolationmode sample-hold
attr title "queue length, vector"
vector 3 Pizza.sink lifeTime:vector ETV
attr interpolationmode none
attr title "lifetime of arrived jobs, vector"
attr unit s
vector 4 Pizza.sink lifeTimeU2:vector ETV
attr interpolationmode none
attr title "lifetime of arrived jobs, vector"
attr unit s
vector 5 Pizza.sink lifeTimeU1:vector ETV
attr interpolationmode none
attr title "lifetime of arrived jobs, vector"
attr unit s
0	0	0	0
0	5	0.753059933076	1
0	7	1.447793824209	2
0	11	2.804223168235	3
0	13	3.086565267221	4
0	14	3.713850244484	3
0	20	5.225158783124	2
0	24	5.92483528698	3
0	26	6.548570327485	4
0	32	11.503754629997	5
0	35	12.097883854806	4
0	40	12.468465603316	3
0	45	13.056406209051	2
0	50	14.363753905328	1
0	54	15.527032728862	2
0	57	15.917614004192	1
0	65	16.259902939981	0
0	76	17.559657457948	1
0	77	17.612700222004	0
0	109	27.2333374427	1
0	111	27.239987453388	2
0	112	27.409862040947	1
0	119	29.809907491792	2
0	123	31.337113027341	3
0	126	31.796987862169	2
0	132	33.417723816707	1
0	137	33.450221895159	0
0	161	36.378827043341	1
0	163	36.685816536741	0
0	209	46.360029328447	1
0	210	48.495134070329	0
0	225	53.00068374795	1
0	228	54.14083495371	0
0	283	79.167839037598	1
0	289	82.130367546207	2
0	290	82.16161446523	1
0	298	83.496825397181	0
0	325	95.323929666166	1
0	326	96.457178417929	0
1	0	0	0
2	0	0	0
2	28	10.513154157866	1
2	30	10.93409246129	2
2	64	16.175478758693	3
2	70	16.459066499838	2
2	82	17.772647097882	1
2	88	20.365998514317	0
2	105	25.167818582338	1
2	121	30.666770462033	2
2	125	31.64226138265	3
2	144	33.731420813623	4
2	145	33.859955247038	3
2	150	34.310836933732	2
2	157	35.178138837029	3
2	169	37.54638726666	4
2	171	38.601893621947	3
2	176	38.652510360502	2
2	181	38.991373490445	1
2	186	39.064869247681	0
2	216	50.653598223429	1
2	218	51.098328253509	2
2	219	51.656780883837	1
2	223	51.69051438478	2
2	236	55.631665069966	1
2	241	55.649090237894	0
2	278	74.726247507371	1
2	279	77.968757556634	0
2	287	81.777677409888	1
2	296	82.834232653149	2
2	304	84.435662673553	1
2	308	86.364136755024	2
2	311	89.121406847164	1
2	316	92.540581627854	0
2	323	95.230263631191	1
2	331	96.600696446901	0
3	16	3.713850244484	3.430045376378
3	22	5.225158783124	4.472098850048
3	37	12.097883854806	10.650090030597
3	42	12.468465603316	9.664242435081
3	47	13.056406209051	9.96984094183
3	52	14.363753905328	8.438918618348
3	59	15.917614004192	9.369043676707
3	67	16.259902939981	4.756148309984
3	72	16.459066499838	0.932033770976
3	79	17.612700222004	7.099546064138
3	84	17.772647097882	0.212989639934
3	90	20.365998514317	9.431906053027
3	96	22.913143453583	6.73766469489
3	114	27.409862040947	2.270801306155
3	128	31.796987862169	4.563650419469
3	134	33.417723816707	6.177736363319
3	139	33.450221895159	3.640314403367
3	147	33.859955247038	2.522842219697
3	152	34.310836933732	9.143018351394
3	165	36.685816536741	6.019046074708
3	173	38.601893621947	2.223066578606
3	178	38.652510360502	7.010248977852
3	183	38.991373490445	5.259952676822
3	188	39.064869247681	3.886730410652
3	192	42.23116428686	4.6847770202
3	200	44.43160792178	0.213908075473
3	212	48.495134070329	3.437138047812
3	221	51.656780883837	5.29675155539
3	230	54.14083495371	3.487236730281
3	238	55.631665069966	2.630981322016
3	243	55.649090237894	4.550761984385
3	248	56.357411272692	4.666896887912
3	255	63.621548661647	2.655781613047
3	262	66.060110571795	1.840656456612
3	269	68.595094113072	0.022662369296
3	281	77.968757556634	5.892413115451
3	292	82.16161446523	7.435366957859
3	300	83.496825397181	4.328986359583
3	306	84.435662673553	2.305295127346
3	313	89.121406847164	7.343729437276
3	318	92.540581627854	9.706348974705
3	328	96.457178417929	10.093041662905
3	333	96.600696446901	1.276766780735
3	338	98.593414020333	3.363150389142
4	16	3.713850244484	3.430045376378
4	79	17.612700222004	7.099546064138
4	90	20.365998514317	9.431906053027
4	96	22.913143453583	6.73766469489
4	114	27.409862040947	2.270801306155
4	152	34.310836933732	9.143018351394
4	165	36.685816536741	6.019046074708
4	178	38.652510360502	7.010248977852
4	183	38.991373490445	5.259952676822
4	188	39.064869247681	3.886730410652
4	192	42.23116428686	4.6847770202
4	230	54.14083495371	3.487236730281
4	243	55.649090237894	4.550761984385
4	248	56.357411272692	4.666896887912
4	255	63.621548661647	2.655781613047
4	262	66.060110571795	1.840656456612
4	281	77.968757556634	5.892413115451
4	292	82.16161446523	7.435366957859
4	313	89.121406847164	7.343729437276
4	318	92.540581627854	9.706348974705
4	328	96.457178417929	10.093041662905
4	338	98.593414020333	3.363150389142
5	22	5.225158783124	4.472098850048
5	37	12.097883854806	10.650090030597
5	42	12.468465603316	9.664242435081
5	47	13.056406209051	9.96984094183
5	52	14.363753905328	8.438918618348
5	59	15.917614004192	9.369043676707
5	67	16.259902939981	4.756148309984
5	72	16.459066499838	0.932033770976
5	84	17.772647097882	0.212989639934
5	128	31.796987862169	4.563650419469
5	134	33.417723816707	6.177736363319
5	139	33.450221895159	3.640314403367
5	147	33.859955247038	2.522842219697
5	173	38.601893621947	2.223066578606
5	200	44.43160792178	0.213908075473
5	212	48.495134070329	3.437138047812
5	221	51.656780883837	5.29675155539
5	238	55.631665069966	2.630981322016
5	269	68.595094113072	0.022662369296
5	300	83.496825397181	4.328986359583
5	306	84.435662673553	2.305295127346
5	333	96.600696446901	1.276766780735

