version 2
run Second-n3-6-20191125-12:37:07-9540
attr configname Second-n3
attr datetime 20191125-12:37:07
attr experiment Second-n3
attr inifile omnetpp.ini
attr iterationvars ""
attr iterationvarsf ""
attr measurement ""
attr network org.omnetpp.queueing.Pizza
attr processid 9540
attr repetition 6
attr replication ""
attr resultdir results_no_transient
attr runnumber 6
attr seedset 6
param **.PS.maxInventoriedPS 3
param **.U1.interArrivalTime exponential(3s)
param **.U2.interArrivalTime exponential(5s)
param **.PS.serviceTimeForInventoryU1 exponential(1.0s)
param **.PS.serviceTimeForInventoryU2 exponential(1.2s)
param **.PS.serviceTimeDirectU1 exponential(1.4s)
param **.PS.serviceTimeDirectU2 exponential(1.4s)
param **.PS.probabilityProducing 0.7
param **.CS.serviceTimeU1 exponential(1.1s)
param **.CS.serviceTimeU2 exponential(1.4s)

vector 0 Pizza.EntryQueueU1 queueLength:vector ETV
attr interpolationmode sample-hold
attr title "queue length, vector"
vector 1 Pizza.CS queueLength:vector ETV
attr interpolationmode sample-hold
attr title "queue length, vector"
vector 2 Pizza.EntryQueueU2 queueLength:vector ETV
attr interpolationmode sample-hold
attr title "queue length, vector"
vector 3 Pizza.sink lifeTime:vector ETV
attr interpolationmode none
attr title "lifetime of arrived jobs, vector"
attr unit s
vector 4 Pizza.sink lifeTimeU1:vector ETV
attr interpolationmode none
attr title "lifetime of arrived jobs, vector"
attr unit s
vector 5 Pizza.sink lifeTimeU2:vector ETV
attr interpolationmode none
attr title "lifetime of arrived jobs, vector"
attr unit s
0	0	0	0
0	16	8.225492417849	1
0	17	8.508111837719	0
0	24	10.493091882518	1
0	25	10.998708796901	0
0	81	26.69491112114	1
0	82	26.766666427982	0
0	110	42.148452234503	1
0	115	44.746457985755	0
0	122	46.265753420685	1
0	126	48.061988972879	2
0	128	49.466285768965	3
0	129	49.745960312789	2
0	134	49.840623593483	1
0	139	49.908193868589	0
0	155	53.418685835167	1
0	156	53.541213275824	0
0	188	61.851049395729	1
0	193	66.587408042186	0
0	199	67.095999370092	1
0	200	67.123021013967	0
0	206	67.277917098972	1
0	210	67.492271144319	0
0	269	83.967732233913	1
0	271	85.104509555974	2
0	272	85.447272398223	1
0	279	86.255331769449	2
0	280	86.346524215772	1
0	288	87.424027033771	2
0	290	87.826879235091	3
0	292	88.219741739945	4
0	293	88.283813584689	3
0	298	88.625992975072	2
0	305	90.266984133504	1
0	311	90.701705453622	2
0	317	92.769264286521	1
0	323	93.51115762323	2
0	324	95.834934947413	1
0	330	96.56601684479	2
0	331	96.749145957985	1
0	336	97.505139050346	0
1	0	0	0
2	0	0	0
2	41	14.732432608285	1
2	43	15.735417840727	0
2	74	25.62389398809	1
2	75	25.903379857471	0
2	88	26.846695032361	1
2	91	28.470929355164	0
2	114	43.603429171757	1
2	124	46.774686199068	2
2	144	51.500015606225	1
2	149	52.740209397949	0
2	191	63.464513530663	1
2	209	67.45567886481	2
2	217	68.753539098346	1
2	222	68.882806569668	0
2	250	77.865456821905	1
2	251	78.165142616136	0
2	267	82.49547753019	1
2	304	90.078408987168	2
2	313	91.181158025326	3
2	344	99.611074643506	4
3	7	7.076670390206	0.375809616764
3	19	8.508111837719	0.596940445195
3	27	10.998708796901	2.773216379052
3	31	11.300319852052	0.807227969534
3	45	15.735417840727	1.248246844087
3	49	15.813838036201	1.081405427916
3	58	21.411588864494	1.782385038302
3	66	23.933956923576	0.943700412535
3	77	25.903379857471	0.722774606831
3	84	26.766666427982	1.142772439892
3	93	28.470929355164	1.776018234024
3	97	31.461599494098	4.614904461737
3	105	32.921165711792	0.511278285672
3	117	44.746457985755	3.717803718283
3	131	49.745960312789	7.597508078286
3	136	49.840623593483	3.574870172798
3	141	49.908193868589	1.84620489571
3	146	51.500015606225	2.03372983726
3	151	52.740209397949	9.136780226192
3	158	53.541213275824	6.766527076756
3	163	55.953144692864	2.534458857697
3	170	57.15656591897	0.883610248709
3	180	60.631575591064	0.753234903771
3	195	66.587408042186	5.711781931053
3	202	67.123021013967	5.271971618238
3	212	67.492271144319	0.396271774227
3	219	68.753539098346	1.475621999374
3	224	68.882806569668	5.418293039005
3	228	69.347735951453	1.892057086643
3	235	74.865229835712	4.558337119732
3	242	75.499710812905	0.459230103244
3	253	78.165142616136	1.152211314812
3	257	78.754170437231	0.888713615326
3	274	85.447272398223	5.197825466402
3	282	86.346524215772	2.378791981859
3	295	88.283813584689	3.179304028715
3	300	88.625992975072	2.370661205623
3	307	90.266984133504	2.842957099733
3	319	92.769264286521	4.94238505143
3	326	95.834934947413	7.615193207468
3	333	96.749145957985	6.047440504363
3	338	97.505139050346	3.993981427116
4	7	7.076670390206	0.375809616764
4	19	8.508111837719	0.596940445195
4	27	10.998708796901	2.773216379052
4	31	11.300319852052	0.807227969534
4	45	15.735417840727	1.248246844087
4	58	21.411588864494	1.782385038302
4	66	23.933956923576	0.943700412535
4	93	28.470929355164	1.776018234024
4	131	49.745960312789	7.597508078286
4	136	49.840623593483	3.574870172798
4	141	49.908193868589	1.84620489571
4	146	51.500015606225	2.03372983726
4	163	55.953144692864	2.534458857697
4	170	57.15656591897	0.883610248709
4	202	67.123021013967	5.271971618238
4	212	67.492271144319	0.396271774227
4	219	68.753539098346	1.475621999374
4	242	75.499710812905	0.459230103244
4	253	78.165142616136	1.152211314812
4	274	85.447272398223	5.197825466402
4	282	86.346524215772	2.378791981859
4	295	88.283813584689	3.179304028715
4	300	88.625992975072	2.370661205623
4	307	90.266984133504	2.842957099733
4	319	92.769264286521	4.94238505143
4	326	95.834934947413	7.615193207468
4	333	96.749145957985	6.047440504363
4	338	97.505139050346	3.993981427116
5	49	15.813838036201	1.081405427916
5	77	25.903379857471	0.722774606831
5	84	26.766666427982	1.142772439892
5	97	31.461599494098	4.614904461737
5	105	32.921165711792	0.511278285672
5	117	44.746457985755	3.717803718283
5	151	52.740209397949	9.136780226192
5	158	53.541213275824	6.766527076756
5	180	60.631575591064	0.753234903771
5	195	66.587408042186	5.711781931053
5	224	68.882806569668	5.418293039005
5	228	69.347735951453	1.892057086643
5	235	74.865229835712	4.558337119732
5	257	78.754170437231	0.888713615326

