version 2
run Second-n3-9-20191125-12:37:13-3496
attr configname Second-n3
attr datetime 20191125-12:37:13
attr experiment Second-n3
attr inifile omnetpp.ini
attr iterationvars ""
attr iterationvarsf ""
attr measurement ""
attr network org.omnetpp.queueing.Pizza
attr processid 3496
attr repetition 9
attr replication ""
attr resultdir results_no_transient
attr runnumber 9
attr seedset 9
param **.PS.maxInventoriedPS 3
param **.U1.interArrivalTime exponential(3s)
param **.U2.interArrivalTime exponential(5s)
param **.PS.serviceTimeForInventoryU1 exponential(1.0s)
param **.PS.serviceTimeForInventoryU2 exponential(1.2s)
param **.PS.serviceTimeDirectU1 exponential(1.4s)
param **.PS.serviceTimeDirectU2 exponential(1.4s)
param **.PS.probabilityProducing 0.7
param **.CS.serviceTimeU1 exponential(1.1s)
param **.CS.serviceTimeU2 exponential(1.4s)

vector 0 Pizza.EntryQueueU1 queueLength:vector ETV
attr interpolationmode sample-hold
attr title "queue length, vector"
vector 1 Pizza.CS queueLength:vector ETV
attr interpolationmode sample-hold
attr title "queue length, vector"
vector 2 Pizza.EntryQueueU2 queueLength:vector ETV
attr interpolationmode sample-hold
attr title "queue length, vector"
vector 3 Pizza.sink lifeTime:vector ETV
attr interpolationmode none
attr title "lifetime of arrived jobs, vector"
attr unit s
vector 4 Pizza.sink lifeTimeU1:vector ETV
attr interpolationmode none
attr title "lifetime of arrived jobs, vector"
attr unit s
vector 5 Pizza.sink lifeTimeU2:vector ETV
attr interpolationmode none
attr title "lifetime of arrived jobs, vector"
attr unit s
0	0	0	0
0	26	2.977455795802	1
0	27	3.207507157201	0
0	40	9.302438032468	1
0	47	12.929881035026	2
0	48	13.689604139762	1
0	54	15.022910958782	0
0	68	21.965902519183	1
0	69	22.328417880324	0
0	88	26.850843923553	1
0	96	32.6331518798	0
0	102	32.767062558074	1
0	103	34.372715284507	0
0	129	39.869306556756	1
0	132	42.639908700332	0
0	149	51.419202278154	1
0	151	52.403580654958	2
0	153	52.567137469803	3
0	154	52.71433871606	2
0	159	52.918680413177	1
0	164	53.133574868187	0
0	176	54.116748304166	1
0	181	56.972399556938	0
0	195	60.240158240898	1
0	198	61.145847665361	0
0	204	61.49948281286	1
0	206	62.584343819242	0
0	217	63.104562811897	1
0	219	64.73370742947	0
0	225	65.293666698446	1
0	229	66.724746830506	0
0	235	67.33931890425	1
0	236	67.665095723752	0
0	249	69.776574177682	1
0	255	72.217608402236	2
0	259	73.962520204428	1
0	264	74.815687295567	0
0	275	75.080618080297	1
0	276	75.218207262305	0
0	284	78.080382625746	1
0	285	78.324342390835	0
0	309	80.772501082753	1
0	310	81.686860780284	0
0	316	83.141969236003	1
0	317	83.480790598947	0
0	328	87.028103333571	1
0	333	89.205631932495	0
0	342	89.387937102141	1
0	348	90.319108836075	0
0	361	91.92273505997	1
0	363	92.739098200778	0
0	393	99.460020842371	1
1	0	0	0
2	0	0	0
2	19	2.26640931194	1
2	20	2.676386610215	0
2	38	5.876569411999	1
2	45	11.881578717752	2
2	59	15.938231702442	1
2	63	17.378125905295	2
2	74	22.449776602337	1
2	78	22.480389032724	2
2	83	22.893581055888	3
2	84	26.783848480095	2
2	92	28.136131223109	3
2	94	29.162291388807	4
2	109	34.700010825624	5
2	110	35.327647631031	4
2	115	35.571859105075	3
2	119	36.830150898382	4
2	123	37.80209583411	3
2	127	39.683814042701	4
2	137	43.01562512818	3
2	145	49.900646441886	4
2	147	50.832981979062	5
2	170	53.297867937737	4
2	174	53.929656519009	5
2	187	57.053670918975	4
2	191	57.242731404008	5
2	193	58.356157969678	6
2	211	62.852922632724	5
2	228	66.510539249704	6
2	241	67.839717970157	5
2	245	69.321544490366	6
2	247	69.601029428105	7
2	251	70.874475361944	8
2	253	71.621438850531	9
2	269	74.991933269219	8
2	292	78.658942302624	7
2	298	79.67911102767	6
2	303	79.846264504123	5
2	322	84.505920273709	4
2	332	88.096388293797	5
2	338	89.22135904527	4
2	344	89.533495913264	5
2	353	90.892667496049	4
2	368	92.875861934303	3
2	373	93.455230913221	2
2	378	93.714299247794	1
2	383	95.905889380806	0
2	387	97.91864070768	1
2	389	98.285489753871	2
3	8	1.15729912632	1.126014091859
3	22	2.676386610215	0.554391324088
3	29	3.207507157201	0.941097845261
3	33	4.666916640451	1.689460844649
3	50	13.689604139762	8.01063006193
3	56	15.022910958782	5.720472926314
3	61	15.938231702442	3.008350667416
3	71	22.328417880324	16.451848468325
3	76	22.449776602337	0.483874083154
3	86	26.783848480095	14.902269762343
3	98	32.6331518798	15.255025974505
3	105	34.372715284507	7.521871360954
3	112	35.327647631031	2.560585072957
3	117	35.571859105075	13.091470072351
3	125	37.80209583411	14.908514778222
3	134	42.639908700332	14.503777477223
3	139	43.01562512818	3.146318571424
3	156	52.71433871606	23.552047327253
3	161	52.918680413177	1.499478135023
3	166	53.133574868187	0.729994213229
3	172	53.297867937737	0.730730467934
3	183	56.972399556938	22.272388731314
3	189	57.053670918975	2.936922614809
3	200	61.145847665361	24.315696766979
3	208	62.584343819242	2.344185578344
3	213	62.852922632724	1.353439819864
3	221	64.73370742947	25.049893386769
3	231	66.724746830506	3.620184018609
3	238	67.665095723752	2.371429025306
3	243	67.839717970157	0.500399065907
3	261	73.962520204428	24.061873762542
3	266	74.815687295567	5.039113117885
3	271	74.991933269219	2.774324866983
3	278	75.218207262305	24.385225283243
3	287	78.324342390835	3.243724310538
3	294	78.658942302624	0.578559676878
3	300	79.67911102767	25.749454508661
3	305	79.846264504123	22.603533100115
3	312	81.686860780284	23.330702810606
3	319	83.480790598947	2.708289516194
3	324	84.505920273709	1.363951037706
3	335	89.205631932495	22.695092682791
3	340	89.22135904527	2.193255711699
3	350	90.319108836075	20.997564345709
3	355	90.892667496049	1.504730393908
3	365	92.739098200778	23.138068772673
3	370	92.875861934303	0.953126874333
3	375	93.455230913221	22.580755551277
3	380	93.714299247794	22.092860397263
3	385	95.905889380806	7.809501087009
4	8	1.15729912632	1.126014091859
4	22	2.676386610215	0.554391324088
4	33	4.666916640451	1.689460844649
4	56	15.022910958782	5.720472926314
4	61	15.938231702442	3.008350667416
4	76	22.449776602337	0.483874083154
4	105	34.372715284507	7.521871360954
4	112	35.327647631031	2.560585072957
4	139	43.01562512818	3.146318571424
4	161	52.918680413177	1.499478135023
4	166	53.133574868187	0.729994213229
4	172	53.297867937737	0.730730467934
4	189	57.053670918975	2.936922614809
4	208	62.584343819242	2.344185578344
4	213	62.852922632724	1.353439819864
4	231	66.724746830506	3.620184018609
4	238	67.665095723752	2.371429025306
4	243	67.839717970157	0.500399065907
4	266	74.815687295567	5.039113117885
4	271	74.991933269219	2.774324866983
4	287	78.324342390835	3.243724310538
4	294	78.658942302624	0.578559676878
4	319	83.480790598947	2.708289516194
4	324	84.505920273709	1.363951037706
4	340	89.22135904527	2.193255711699
4	355	90.892667496049	1.504730393908
4	370	92.875861934303	0.953126874333
5	29	3.207507157201	0.941097845261
5	50	13.689604139762	8.01063006193
5	71	22.328417880324	16.451848468325
5	86	26.783848480095	14.902269762343
5	98	32.6331518798	15.255025974505
5	117	35.571859105075	13.091470072351
5	125	37.80209583411	14.908514778222
5	134	42.639908700332	14.503777477223
5	156	52.71433871606	23.552047327253
5	183	56.972399556938	22.272388731314
5	200	61.145847665361	24.315696766979
5	221	64.73370742947	25.049893386769
5	261	73.962520204428	24.061873762542
5	278	75.218207262305	24.385225283243
5	300	79.67911102767	25.749454508661
5	305	79.846264504123	22.603533100115
5	312	81.686860780284	23.330702810606
5	335	89.205631932495	22.695092682791
5	350	90.319108836075	20.997564345709
5	365	92.739098200778	23.138068772673
5	375	93.455230913221	22.580755551277
5	380	93.714299247794	22.092860397263
5	385	95.905889380806	7.809501087009

