version 2
run Second-n5-19-20191125-12:37:40-9408
attr configname Second-n5
attr datetime 20191125-12:37:40
attr experiment Second-n5
attr inifile omnetpp.ini
attr iterationvars ""
attr iterationvarsf ""
attr measurement ""
attr network org.omnetpp.queueing.Pizza
attr processid 9408
attr repetition 19
attr replication ""
attr resultdir results_no_transient
attr runnumber 19
attr seedset 19
param **.PS.maxInventoriedPS 5
param **.U1.interArrivalTime exponential(3s)
param **.U2.interArrivalTime exponential(5s)
param **.PS.serviceTimeForInventoryU1 exponential(1.0s)
param **.PS.serviceTimeForInventoryU2 exponential(1.2s)
param **.PS.serviceTimeDirectU1 exponential(1.4s)
param **.PS.serviceTimeDirectU2 exponential(1.4s)
param **.PS.probabilityProducing 0.7
param **.CS.serviceTimeU1 exponential(1.1s)
param **.CS.serviceTimeU2 exponential(1.4s)

vector 0 Pizza.EntryQueueU1 queueLength:vector ETV
attr interpolationmode sample-hold
attr title "queue length, vector"
vector 1 Pizza.CS queueLength:vector ETV
attr interpolationmode sample-hold
attr title "queue length, vector"
vector 2 Pizza.EntryQueueU2 queueLength:vector ETV
attr interpolationmode sample-hold
attr title "queue length, vector"
vector 3 Pizza.sink lifeTime:vector ETV
attr interpolationmode none
attr title "lifetime of arrived jobs, vector"
attr unit s
vector 4 Pizza.sink lifeTimeU1:vector ETV
attr interpolationmode none
attr title "lifetime of arrived jobs, vector"
attr unit s
vector 5 Pizza.sink lifeTimeU2:vector ETV
attr interpolationmode none
attr title "lifetime of arrived jobs, vector"
attr unit s
0	0	0	0
0	19	4.604882837312	1
0	22	5.455398938106	0
0	74	24.061222622334	1
0	76	24.262164801413	2
0	80	25.89181109437	1
0	87	26.779563159782	0
0	123	34.455594013164	1
0	127	37.200298326894	2
0	129	37.794695683072	3
0	130	40.787035058538	2
0	138	41.841906338227	3
0	139	42.980325654092	2
0	144	42.993274255436	1
0	150	45.784692022663	0
0	171	52.50178299857	1
0	172	52.620030732912	0
0	182	57.386719199673	1
0	186	59.47443699122	2
0	191	61.070292901907	3
0	192	61.362101280435	2
0	199	62.416002244783	3
0	200	62.439030636807	2
0	205	63.081306536953	1
0	210	63.212117961786	0
0	216	63.596554792646	1
0	218	66.226116491615	2
0	220	67.165534210501	3
0	226	68.575638077337	4
0	227	69.775494500381	3
0	232	70.938752144775	2
0	237	72.155160427083	1
0	243	72.658448421747	2
0	244	74.826452104075	1
0	252	76.204838149274	0
0	258	76.292968424546	1
0	261	77.300724102621	0
0	280	80.41837718883	1
0	283	82.050554328217	0
0	290	83.279545860709	1
0	294	86.561116051409	0
0	300	86.734505061255	1
0	302	87.698665716823	0
0	328	90.190357221839	1
0	329	92.041498679879	0
1	0	0	0
2	0	0	0
2	15	3.439887477329	1
2	17	3.480795646157	2
2	27	6.319251157937	1
2	35	9.190412306384	0
2	79	25.468348346142	1
2	93	27.638376087421	0
2	121	33.603634412299	1
2	125	34.613633110422	2
2	155	45.960934366609	1
2	162	48.041312803294	2
2	165	49.876399327377	1
2	178	54.053431430438	0
2	189	59.763950208073	1
2	224	68.420790581632	2
2	266	77.390755725648	1
2	272	79.526430133335	0
2	292	83.343181771365	1
2	307	88.169627699451	0
3	7	1.216599224106	0.908727748351
3	24	5.455398938106	2.640695402891
3	29	6.319251157937	1.714368320625
3	37	9.190412306384	5.750524829055
3	41	12.903840003848	9.423044357691
3	48	17.230581322901	0.814511244048
3	57	19.536683019478	1.65240876946
3	67	21.415914603794	0.444646256109
3	82	25.89181109437	2.113643464434
3	89	26.779563159782	2.718340537448
3	95	27.638376087421	3.376211286008
3	99	28.208082959814	2.739734613672
3	106	29.462986892664	0.24587522934
3	114	32.634796025635	0.711065156813
3	132	40.787035058538	7.235389498037
3	141	42.980325654092	8.524731640928
3	146	42.993274255436	5.792975928542
3	152	45.784692022663	7.989996339591
3	157	45.960934366609	4.119028028382
3	167	49.876399327377	16.272764915078
3	174	52.620030732912	18.00639762249
3	180	54.053431430438	1.551648431868
3	194	61.362101280435	13.320788477141
3	202	62.439030636807	5.052311437134
3	207	63.081306536953	3.606869545733
3	212	63.212117961786	2.141825059879
3	229	69.775494500381	7.359492255598
3	234	70.938752144775	7.342197352129
3	239	72.155160427083	5.929043935468
3	246	74.826452104075	7.660917893574
3	254	76.204838149274	7.629200071937
3	263	77.300724102621	4.642275680874
3	268	77.390755725648	1.097787301102
3	274	79.526430133335	19.762479925262
3	285	82.050554328217	13.629763746585
3	296	86.561116051409	6.142738862579
3	304	87.698665716823	4.419119856114
3	309	88.169627699451	1.435122638196
3	313	88.455742618379	5.112560847014
3	320	89.406627760257	0.520982789297
3	331	92.041498679879	2.310701864409
3	335	93.908426951006	3.718069729167
3	342	94.013131863034	0.088958524978
3	350	95.879092380875	0.02924381434
3	358	96.496402242048	0.157495569665
3	368	99.92128095114	0.064191987505
4	7	1.216599224106	0.908727748351
4	29	6.319251157937	1.714368320625
4	48	17.230581322901	0.814511244048
4	57	19.536683019478	1.65240876946
4	67	21.415914603794	0.444646256109
4	89	26.779563159782	2.718340537448
4	95	27.638376087421	3.376211286008
4	106	29.462986892664	0.24587522934
4	141	42.980325654092	8.524731640928
4	146	42.993274255436	5.792975928542
4	152	45.784692022663	7.989996339591
4	157	45.960934366609	4.119028028382
4	180	54.053431430438	1.551648431868
4	202	62.439030636807	5.052311437134
4	207	63.081306536953	3.606869545733
4	212	63.212117961786	2.141825059879
4	229	69.775494500381	7.359492255598
4	234	70.938752144775	7.342197352129
4	239	72.155160427083	5.929043935468
4	246	74.826452104075	7.660917893574
4	254	76.204838149274	7.629200071937
4	263	77.300724102621	4.642275680874
4	268	77.390755725648	1.097787301102
4	296	86.561116051409	6.142738862579
4	304	87.698665716823	4.419119856114
4	309	88.169627699451	1.435122638196
4	331	92.041498679879	2.310701864409
4	335	93.908426951006	3.718069729167
4	342	94.013131863034	0.088958524978
4	368	99.92128095114	0.064191987505
5	24	5.455398938106	2.640695402891
5	37	9.190412306384	5.750524829055
5	41	12.903840003848	9.423044357691
5	82	25.89181109437	2.113643464434
5	99	28.208082959814	2.739734613672
5	114	32.634796025635	0.711065156813
5	132	40.787035058538	7.235389498037
5	167	49.876399327377	16.272764915078
5	174	52.620030732912	18.00639762249
5	194	61.362101280435	13.320788477141
5	274	79.526430133335	19.762479925262
5	285	82.050554328217	13.629763746585
5	313	88.455742618379	5.112560847014
5	320	89.406627760257	0.520982789297
5	350	95.879092380875	0.02924381434
5	358	96.496402242048	0.157495569665

