version 2
run Second-n5-8-20191125-12:37:31-1384
attr configname Second-n5
attr datetime 20191125-12:37:31
attr experiment Second-n5
attr inifile omnetpp.ini
attr iterationvars ""
attr iterationvarsf ""
attr measurement ""
attr network org.omnetpp.queueing.Pizza
attr processid 1384
attr repetition 8
attr replication ""
attr resultdir results_no_transient
attr runnumber 8
attr seedset 8
param **.PS.maxInventoriedPS 5
param **.U1.interArrivalTime exponential(3s)
param **.U2.interArrivalTime exponential(5s)
param **.PS.serviceTimeForInventoryU1 exponential(1.0s)
param **.PS.serviceTimeForInventoryU2 exponential(1.2s)
param **.PS.serviceTimeDirectU1 exponential(1.4s)
param **.PS.serviceTimeDirectU2 exponential(1.4s)
param **.PS.probabilityProducing 0.7
param **.CS.serviceTimeU1 exponential(1.1s)
param **.CS.serviceTimeU2 exponential(1.4s)

vector 0 Pizza.EntryQueueU1 queueLength:vector ETV
attr interpolationmode sample-hold
attr title "queue length, vector"
vector 1 Pizza.CS queueLength:vector ETV
attr interpolationmode sample-hold
attr title "queue length, vector"
vector 2 Pizza.EntryQueueU2 queueLength:vector ETV
attr interpolationmode sample-hold
attr title "queue length, vector"
vector 3 Pizza.sink lifeTime:vector ETV
attr interpolationmode none
attr title "lifetime of arrived jobs, vector"
attr unit s
vector 4 Pizza.sink lifeTimeU2:vector ETV
attr interpolationmode none
attr title "lifetime of arrived jobs, vector"
attr unit s
vector 5 Pizza.sink lifeTimeU1:vector ETV
attr interpolationmode none
attr title "lifetime of arrived jobs, vector"
attr unit s
0	0	0	0
0	33	11.798785158949	1
0	35	13.017164349411	2
0	37	13.183102504371	3
0	39	13.923878819417	4
0	40	14.50194694313	3
0	47	14.85663731698	4
0	49	15.267038519077	5
0	51	16.339713186456	6
0	55	17.506115954804	7
0	57	17.726871008429	8
0	60	18.975598169862	7
0	66	19.467550347935	8
0	72	22.170148352078	7
0	77	22.312901640882	6
0	83	22.789617650783	5
0	88	23.976698868034	4
0	93	24.341236865448	3
0	100	24.96435619909	2
0	105	25.682148716795	1
0	111	26.261829276702	2
0	112	26.700136767139	1
0	118	26.707370377763	2
0	120	26.80496524628	3
0	122	26.905446530544	4
0	125	27.977634992121	3
0	129	28.728821068813	4
0	131	29.49896386955	5
0	134	30.496778185314	4
0	139	31.067952862768	3
0	144	31.676964389138	2
0	149	32.196458430653	1
0	154	34.92926854898	0
0	197	42.920474276044	1
0	201	44.738474783044	0
0	214	46.749292685512	1
0	216	47.088187673625	2
0	217	47.642243916934	1
0	222	48.06708690275	0
0	238	53.234780154516	1
0	240	54.284939147332	0
0	262	60.35731246772	1
0	263	61.148019514721	0
0	281	63.568448161522	1
0	282	63.658926153754	0
0	324	78.064658688008	1
0	327	83.517676222382	0
0	335	84.366530125131	1
0	337	85.335810120968	0
0	346	86.835221978734	1
0	349	87.146713437618	0
0	365	89.882427266341	1
0	370	90.776274076596	0
0	383	92.929441914456	1
0	384	93.378218493176	0
0	397	94.613578041216	1
0	398	94.679275553781	0
0	404	94.775206903276	1
0	407	95.544556520108	2
0	408	96.885464629638	1
0	413	96.985305593381	0
0	419	97.424951989955	1
0	420	97.490226643395	0
1	0	0	0
2	0	0	0
2	53	17.351180921554	1
2	59	18.35994331507	2
2	69	19.632920535283	3
2	71	21.752045747231	4
2	124	27.34976393057	5
2	159	36.620746450521	4
2	167	39.151180255821	5
2	168	40.63916906323	4
2	174	41.981888672746	3
2	179	41.994365306364	2
2	184	42.031124641189	1
2	191	42.821764508621	0
2	199	43.679792226593	1
2	208	46.641889524413	0
2	279	62.859537530321	1
2	288	64.11161459423	0
2	322	77.687118982876	1
2	333	84.039910933185	2
2	342	85.891087777436	1
2	355	87.232761961999	2
2	356	87.89871216789	1
2	361	88.876033377405	0
2	369	90.734756474118	1
2	376	90.901846600045	2
2	377	90.954127699522	1
2	390	93.432595601571	0
3	10	1.498645717792	1.442762393099
3	25	8.076597336869	1.875732184916
3	42	14.50194694313	4.008517122048
3	62	18.975598169862	7.176813010913
3	74	22.170148352078	9.152984002667
3	79	22.312901640882	9.129799136511
3	85	22.789617650783	8.865738831366
3	90	23.976698868034	9.120061551054
3	95	24.341236865448	9.074198346371
3	102	24.96435619909	8.624643012634
3	107	25.682148716795	8.176032761991
3	114	26.700136767139	8.97326575871
3	127	27.977634992121	8.510084644186
3	136	30.496778185314	4.234948908612
3	141	31.067952862768	4.360582485005
3	146	31.676964389138	4.871999142858
3	151	32.196458430653	5.291011900109
3	156	34.92926854898	6.200447480167
3	161	36.620746450521	7.121782580971
3	170	40.63916906323	23.287988141676
3	176	41.981888672746	23.621945357676
3	181	41.994365306364	22.361444771081
3	186	42.031124641189	20.279078893958
3	193	42.821764508621	15.472000578051
3	203	44.738474783044	5.587294527223
3	210	46.641889524413	3.721415248369
3	219	47.642243916934	3.962451690341
3	224	48.06708690275	1.317794217238
3	228	48.317243261744	1.229055588119
3	242	54.284939147332	1.879792638487
3	246	54.624101931101	1.389321776585
3	255	56.263067371224	0.777974288526
3	265	61.148019514721	1.807557748003
3	269	61.311860558314	0.954548090594
3	284	63.658926153754	1.709316452551
3	290	64.11161459423	0.543166432708
3	294	64.488723323141	1.62918579282
3	302	69.919070608321	5.291613247039
3	309	74.762889843242	4.469914735972
3	316	76.311716334497	0.33013805329
3	329	83.517676222382	6.648903280353
3	339	85.335810120968	7.27115143296
3	344	85.891087777436	1.524557652305
3	351	87.146713437618	9.459594454742
3	358	87.89871216789	1.063490189156
3	363	88.876033377405	4.83612244422
3	372	90.776274076596	3.543512114597
3	379	90.954127699522	1.071700433181
3	386	93.378218493176	2.643462019058
3	392	93.432595601571	0.503153687115
3	400	94.679275553781	3.777428953736
3	410	96.885464629638	2.271886588422
3	415	96.985305593381	2.210098690105
3	422	97.490226643395	1.945670123287
3	426	97.810895073681	0.385943083726
4	10	1.498645717792	1.442762393099
4	170	40.63916906323	23.287988141676
4	176	41.981888672746	23.621945357676
4	181	41.994365306364	22.361444771081
4	186	42.031124641189	20.279078893958
4	193	42.821764508621	15.472000578051
4	203	44.738474783044	5.587294527223
4	219	47.642243916934	3.962451690341
4	294	64.488723323141	1.62918579282
4	302	69.919070608321	5.291613247039
4	309	74.762889843242	4.469914735972
4	329	83.517676222382	6.648903280353
4	351	87.146713437618	9.459594454742
4	363	88.876033377405	4.83612244422
4	372	90.776274076596	3.543512114597
4	386	93.378218493176	2.643462019058
4	400	94.679275553781	3.777428953736
5	25	8.076597336869	1.875732184916
5	42	14.50194694313	4.008517122048
5	62	18.975598169862	7.176813010913
5	74	22.170148352078	9.152984002667
5	79	22.312901640882	9.129799136511
5	85	22.789617650783	8.865738831366
5	90	23.976698868034	9.120061551054
5	95	24.341236865448	9.074198346371
5	102	24.96435619909	8.624643012634
5	107	25.682148716795	8.176032761991
5	114	26.700136767139	8.97326575871
5	127	27.977634992121	8.510084644186
5	136	30.496778185314	4.234948908612
5	141	31.067952862768	4.360582485005
5	146	31.676964389138	4.871999142858
5	151	32.196458430653	5.291011900109
5	156	34.92926854898	6.200447480167
5	161	36.620746450521	7.121782580971
5	210	46.641889524413	3.721415248369
5	224	48.06708690275	1.317794217238
5	228	48.317243261744	1.229055588119
5	242	54.284939147332	1.879792638487
5	246	54.624101931101	1.389321776585
5	255	56.263067371224	0.777974288526
5	265	61.148019514721	1.807557748003
5	269	61.311860558314	0.954548090594
5	284	63.658926153754	1.709316452551
5	290	64.11161459423	0.543166432708
5	316	76.311716334497	0.33013805329
5	339	85.335810120968	7.27115143296
5	344	85.891087777436	1.524557652305
5	358	87.89871216789	1.063490189156
5	379	90.954127699522	1.071700433181
5	392	93.432595601571	0.503153687115
5	410	96.885464629638	2.271886588422
5	415	96.985305593381	2.210098690105
5	422	97.490226643395	1.945670123287
5	426	97.810895073681	0.385943083726

