version 2
run Second-n4-11-20191125-12:37:26-3804
attr configname Second-n4
attr datetime 20191125-12:37:26
attr experiment Second-n4
attr inifile omnetpp.ini
attr iterationvars ""
attr iterationvarsf ""
attr measurement ""
attr network org.omnetpp.queueing.Pizza
attr processid 3804
attr repetition 11
attr replication ""
attr resultdir results_no_transient
attr runnumber 11
attr seedset 11
param **.PS.maxInventoriedPS 4
param **.U1.interArrivalTime exponential(3s)
param **.U2.interArrivalTime exponential(5s)
param **.PS.serviceTimeForInventoryU1 exponential(1.0s)
param **.PS.serviceTimeForInventoryU2 exponential(1.2s)
param **.PS.serviceTimeDirectU1 exponential(1.4s)
param **.PS.serviceTimeDirectU2 exponential(1.4s)
param **.PS.probabilityProducing 0.7
param **.CS.serviceTimeU1 exponential(1.1s)
param **.CS.serviceTimeU2 exponential(1.4s)

vector 0 Pizza.EntryQueueU1 queueLength:vector ETV
attr interpolationmode sample-hold
attr title "queue length, vector"
vector 1 Pizza.CS queueLength:vector ETV
attr interpolationmode sample-hold
attr title "queue length, vector"
vector 2 Pizza.EntryQueueU2 queueLength:vector ETV
attr interpolationmode sample-hold
attr title "queue length, vector"
vector 3 Pizza.sink lifeTime:vector ETV
attr interpolationmode none
attr title "lifetime of arrived jobs, vector"
attr unit s
vector 4 Pizza.sink lifeTimeU2:vector ETV
attr interpolationmode none
attr title "lifetime of arrived jobs, vector"
attr unit s
vector 5 Pizza.sink lifeTimeU1:vector ETV
attr interpolationmode none
attr title "lifetime of arrived jobs, vector"
attr unit s
0	0	0	0
0	7	0.596339664521	1
0	9	1.243784658675	2
0	12	2.039243283073	1
0	22	5.116016474486	2
0	23	5.462739358186	1
0	28	5.589365504585	0
0	41	11.729893309499	1
0	42	11.87554105472	0
0	48	12.10229102321	1
0	51	12.617904401435	2
0	52	13.531638208422	1
0	57	13.996439819111	0
0	154	39.607201022871	1
0	155	42.20169132348	0
0	169	43.587518141496	1
0	170	43.619174544409	0
0	196	51.192020357137	1
0	201	52.155835466235	2
0	202	52.507184876197	1
0	207	52.884639349522	0
0	238	56.355946746885	1
0	239	56.860653877338	0
0	271	64.064212469591	1
0	274	64.906464820629	0
0	289	67.792647660102	1
0	293	68.327227319443	2
0	294	68.63596410877	1
0	300	69.099237427074	0
0	307	69.625934832113	1
0	314	71.850024014007	2
0	315	73.112519965357	1
0	321	75.033893587299	0
0	346	79.59036420094	1
0	349	79.941803308105	0
0	367	85.122061220093	1
0	369	87.236376327684	0
0	381	90.632685096334	1
0	383	91.761915273853	2
0	384	92.278703069126	1
0	389	92.57819239746	0
0	395	92.626947662148	1
0	397	93.804216785769	0
1	0	0	0
2	0	0	0
2	5	0.452095681263	1
2	19	3.562916738516	2
2	33	7.282185063806	1
2	62	14.421177835127	0
2	161	42.640460234711	1
2	162	42.968059883957	0
2	181	45.197326006916	1
2	184	45.863092388605	0
2	221	53.526483171476	1
2	223	54.593971012506	0
2	273	64.218652442152	1
2	281	66.133653163415	2
2	282	66.327109864191	1
2	291	67.932513867204	2
2	309	69.722887556383	3
2	312	71.291673309396	4
2	328	76.637554466382	5
2	330	77.696429115435	4
2	335	78.721094860399	3
2	340	78.988337940196	2
2	348	79.709434004183	3
2	354	80.83725343652	2
2	359	81.957155092308	1
2	363	83.150195917919	2
2	374	88.130791895082	1
2	402	93.994401873441	0
3	14	2.039243283073	1.685484509349
3	25	5.462739358186	4.866399693665
3	30	5.589365504585	4.34558084591
3	35	7.282185063806	2.16616858932
3	44	11.87554105472	11.423445373457
3	54	13.531638208422	1.801744898923
3	59	13.996439819111	1.894148795901
3	64	14.421177835127	1.803273433692
3	69	14.657204006723	11.094287268207
3	80	19.142187205626	1.359349365474
3	87	21.020119566117	0.776689350546
3	96	21.979976888427	0.929455531522
3	105	23.087677632339	0.079854730749
3	113	23.219970038094	0.080280391981
3	121	26.811606031754	1.730530000023
3	128	29.529195568352	1.052876665453
3	137	31.009362289463	0.630441126144
3	147	34.857818824618	0.392267027212
3	157	42.20169132348	3.31995444518
3	164	42.968059883957	3.360858861086
3	172	43.619174544409	0.978714309698
3	176	43.68073586302	0.093217721524
3	186	45.863092388605	1.757617769666
3	190	46.431880286815	1.234554279899
3	204	52.507184876197	5.22974768897
3	209	52.884639349522	1.692618992385
3	214	53.159119532563	1.003284066328
3	225	54.593971012506	1.072576882393
3	230	55.299113822746	1.77263065127
3	241	56.860653877338	0.538301014593
3	246	59.035170961183	2.679224214298
3	255	61.936504168499	1.60537737005
3	263	63.496934246087	0.992707778983
3	276	64.906464820629	1.182468107392
3	284	66.327109864191	2.2628973946
3	296	68.63596410877	4.417311666618
3	302	69.099237427074	1.306589766972
3	317	73.112519965357	4.785292645914
3	323	75.033893587299	5.407958755186
3	332	77.696429115435	5.846405101428
3	337	78.721094860399	12.587441696984
3	342	78.988337940196	11.055824072992
3	351	79.941803308105	10.218915751722
3	356	80.83725343652	1.24688923558
3	361	81.957155092308	10.665481782912
3	371	87.236376327684	10.598821861302
3	376	88.130791895082	3.008730674989
3	386	92.278703069126	12.569269064943
3	391	92.57819239746	1.945507301126
3	399	93.804216785769	2.042301511916
3	404	93.994401873441	1.367454211293
3	408	95.1960502079	12.045854289981
4	14	2.039243283073	1.685484509349
4	44	11.87554105472	11.423445373457
4	69	14.657204006723	11.094287268207
4	80	19.142187205626	1.359349365474
4	96	21.979976888427	0.929455531522
4	172	43.619174544409	0.978714309698
4	190	46.431880286815	1.234554279899
4	230	55.299113822746	1.77263065127
4	241	56.860653877338	0.538301014593
4	296	68.63596410877	4.417311666618
4	337	78.721094860399	12.587441696984
4	342	78.988337940196	11.055824072992
4	351	79.941803308105	10.218915751722
4	361	81.957155092308	10.665481782912
4	371	87.236376327684	10.598821861302
4	386	92.278703069126	12.569269064943
4	408	95.1960502079	12.045854289981
5	25	5.462739358186	4.866399693665
5	30	5.589365504585	4.34558084591
5	35	7.282185063806	2.16616858932
5	54	13.531638208422	1.801744898923
5	59	13.996439819111	1.894148795901
5	64	14.421177835127	1.803273433692
5	87	21.020119566117	0.776689350546
5	105	23.087677632339	0.079854730749
5	113	23.219970038094	0.080280391981
5	121	26.811606031754	1.730530000023
5	128	29.529195568352	1.052876665453
5	137	31.009362289463	0.630441126144
5	147	34.857818824618	0.392267027212
5	157	42.20169132348	3.31995444518
5	164	42.968059883957	3.360858861086
5	176	43.68073586302	0.093217721524
5	186	45.863092388605	1.757617769666
5	204	52.507184876197	5.22974768897
5	209	52.884639349522	1.692618992385
5	214	53.159119532563	1.003284066328
5	225	54.593971012506	1.072576882393
5	246	59.035170961183	2.679224214298
5	255	61.936504168499	1.60537737005
5	263	63.496934246087	0.992707778983
5	276	64.906464820629	1.182468107392
5	284	66.327109864191	2.2628973946
5	302	69.099237427074	1.306589766972
5	317	73.112519965357	4.785292645914
5	323	75.033893587299	5.407958755186
5	332	77.696429115435	5.846405101428
5	356	80.83725343652	1.24688923558
5	376	88.130791895082	3.008730674989
5	391	92.57819239746	1.945507301126
5	399	93.804216785769	2.042301511916
5	404	93.994401873441	1.367454211293

