version 2
run Second-n3-12-20191125-12:37:17-10036
attr configname Second-n3
attr datetime 20191125-12:37:17
attr experiment Second-n3
attr inifile omnetpp.ini
attr iterationvars ""
attr iterationvarsf ""
attr measurement ""
attr network org.omnetpp.queueing.Pizza
attr processid 10036
attr repetition 12
attr replication ""
attr resultdir results_no_transient
attr runnumber 12
attr seedset 12
param **.PS.maxInventoriedPS 3
param **.U1.interArrivalTime exponential(3s)
param **.U2.interArrivalTime exponential(5s)
param **.PS.serviceTimeForInventoryU1 exponential(1.0s)
param **.PS.serviceTimeForInventoryU2 exponential(1.2s)
param **.PS.serviceTimeDirectU1 exponential(1.4s)
param **.PS.serviceTimeDirectU2 exponential(1.4s)
param **.PS.probabilityProducing 0.7
param **.CS.serviceTimeU1 exponential(1.1s)
param **.CS.serviceTimeU2 exponential(1.4s)

vector 0 Pizza.EntryQueueU1 queueLength:vector ETV
attr interpolationmode sample-hold
attr title "queue length, vector"
vector 1 Pizza.CS queueLength:vector ETV
attr interpolationmode sample-hold
attr title "queue length, vector"
vector 2 Pizza.EntryQueueU2 queueLength:vector ETV
attr interpolationmode sample-hold
attr title "queue length, vector"
vector 3 Pizza.sink lifeTime:vector ETV
attr interpolationmode none
attr title "lifetime of arrived jobs, vector"
attr unit s
vector 4 Pizza.sink lifeTimeU1:vector ETV
attr interpolationmode none
attr title "lifetime of arrived jobs, vector"
attr unit s
vector 5 Pizza.sink lifeTimeU2:vector ETV
attr interpolationmode none
attr title "lifetime of arrived jobs, vector"
attr unit s
0	0	0	0
0	12	4.544079627315	1
0	15	4.647742685778	2
0	17	4.749720756831	3
0	18	4.810059113956	2
0	23	4.972400601896	1
0	29	5.008108668951	2
0	31	6.212105333864	1
0	37	7.802955186689	2
0	39	7.809740571748	3
0	43	8.441445705322	4
0	44	8.892321783	3
0	51	10.434410184801	4
0	53	12.372334263112	3
0	58	12.532129917422	2
0	64	12.810185094067	1
0	70	13.511106538434	0
0	84	14.773313454113	1
0	85	15.380377262594	0
0	91	15.509640599002	1
0	93	16.078919928256	2
0	98	18.682602015333	1
0	104	20.446710853433	0
0	110	20.455200942383	1
0	112	21.041655433394	2
0	114	21.97994039049	3
0	115	23.321840956739	2
0	120	24.436592935875	1
0	134	31.164424466267	0
0	140	31.837946007969	1
0	142	31.922859855354	2
0	144	31.966674110381	3
0	146	32.587958473838	2
0	153	33.03742785738	3
0	154	33.351954412277	2
0	160	33.406743842564	1
0	165	33.744051732133	0
0	176	34.652890258223	1
0	177	35.293660142605	0
0	183	36.689069087629	1
0	189	39.187028690606	0
0	196	39.297059912917	1
0	197	39.906446777906	0
0	217	45.876840387771	1
0	218	47.40187348912	0
0	231	49.160020908262	1
0	232	51.399346408794	0
0	243	52.485623646838	1
0	245	52.553821890955	0
0	254	52.901315024728	1
0	256	54.248952508168	2
0	260	55.81137001995	3
0	263	57.494443717449	2
0	268	57.498066436585	1
0	275	58.782149578405	0
0	297	64.598722613048	1
0	300	65.312108492328	0
0	314	67.733038451958	1
0	315	67.786581788705	0
0	344	73.70596159906	1
0	346	74.398733023077	0
0	363	75.314005083863	1
0	365	75.87942809712	2
0	368	78.739493341395	1
0	373	78.816634900271	0
0	379	78.834176005053	1
0	383	80.056836232842	2
0	385	80.080942857517	3
0	387	80.337583208015	4
0	389	80.369063007628	5
0	392	80.589594266521	4
0	398	83.155302396918	3
0	404	83.217860459665	4
0	405	83.742253636682	3
0	412	85.846628933694	2
0	420	86.979444796244	1
0	428	87.96790106466	0
0	435	89.422357870024	1
0	437	89.821627218416	0
0	443	89.907175992665	1
0	450	90.969629100164	2
0	451	92.527959043867	1
0	456	92.99078273457	0
0	469	97.916597856774	1
0	472	98.258253335709	0
1	0	0	0
2	0	0	0
2	5	2.95495467354	1
2	10	4.482929231949	2
2	75	13.682523880506	1
2	95	17.033867706903	2
2	97	17.682155374253	3
2	124	26.397266241159	4
2	130	29.507438528233	5
2	133	29.947621688861	6
2	170	34.101010738983	5
2	181	36.541187125748	6
2	203	40.072917413882	7
2	206	41.97882194525	6
2	211	43.076086693096	5
2	223	47.421826926776	4
2	237	52.008560703252	3
2	250	52.63602327082	2
2	258	54.537122769467	3
2	274	57.569109054104	4
2	282	59.983186778289	3
2	287	60.360363950933	2
2	293	62.750633889384	1
2	307	67.009498717827	0
2	329	70.189313900572	1
2	331	71.02006260867	0
2	354	74.782775879264	1
2	355	75.161721287519	0
2	361	75.179711554455	1
2	367	76.893021875566	2
2	391	80.450279817739	3
2	411	85.000069035129	4
2	418	85.931104085618	5
2	426	87.315014132673	6
2	445	89.914803354011	7
2	447	90.801902612573	8
2	462	93.158548307533	9
2	463	93.600612839138	8
2	471	97.975364484986	9
2	481	99.855168786236	8
2	486	99.995644908848	7
3	20	4.810059113956	4.307773847706
3	25	4.972400601896	0.428320974581
3	33	6.212105333864	1.564362648086
3	46	8.892321783	4.142601026169
3	55	12.372334263112	7.364225594161
3	60	12.532129917422	4.729174730733
3	66	12.810185094067	5.000444522319
3	72	13.511106538434	5.069660833112
3	77	13.682523880506	3.248113695705
3	87	15.380377262594	12.425422589054
3	100	18.682602015333	3.90928856122
3	106	20.446710853433	4.937070254431
3	117	23.321840956739	7.242921028483
3	122	24.436592935875	3.981391993492
3	136	31.164424466267	10.122769032873
3	148	32.587958473838	10.608018083348
3	156	33.351954412277	1.514008404308
3	162	33.406743842564	1.48388398721
3	167	33.744051732133	1.777377621752
3	172	34.101010738983	1.063582881603
3	179	35.293660142605	30.810730910656
3	191	39.187028690606	4.534138432383
3	199	39.906446777906	3.217377690277
3	208	41.97882194525	2.681762032333
3	213	43.076086693096	26.042218986193
3	220	47.40187348912	29.719718114867
3	225	47.421826926776	1.544986539005
3	234	51.399346408794	25.002080167635
3	239	52.008560703252	2.84853979499
3	247	52.553821890955	23.046383362722
3	252	52.63602327082	0.150399623982
3	265	57.494443717449	27.546822028588
3	270	57.498066436585	4.596751411857
3	277	58.782149578405	4.533197070237
3	284	59.983186778289	4.171816758339
3	289	60.360363950933	23.819176825185
3	295	62.750633889384	22.677716475502
3	302	65.312108492328	10.774985722861
3	309	67.009498717827	2.410776104779
3	317	67.786581788705	10.217472734601
3	321	67.881119531526	0.148081079568
3	333	71.02006260867	1.657934023357
3	337	71.318032072173	1.128718171601
3	348	74.398733023077	1.700306488676
3	357	75.161721287519	1.455759688459
3	370	78.739493341395	3.956717462131
3	375	78.816634900271	3.502629816408
3	394	80.589594266521	4.710166169401
3	400	83.155302396918	4.321126391865
3	407	83.742253636682	3.68541740384
3	414	85.846628933694	5.765686076177
3	422	86.979444796244	6.641861588229
3	430	87.96790106466	7.598838057032
3	439	89.821627218416	6.603766758751
3	453	92.527959043867	3.105601173843
3	458	92.99078273457	3.083606741905
3	465	93.600612839138	2.630983738974
3	474	98.258253335709	23.078541781254
3	483	99.855168786236	1.938570929462
3	488	99.995644908848	23.102623033282
4	20	4.810059113956	4.307773847706
4	25	4.972400601896	0.428320974581
4	33	6.212105333864	1.564362648086
4	46	8.892321783	4.142601026169
4	55	12.372334263112	7.364225594161
4	60	12.532129917422	4.729174730733
4	66	12.810185094067	5.000444522319
4	72	13.511106538434	5.069660833112
4	77	13.682523880506	3.248113695705
4	100	18.682602015333	3.90928856122
4	106	20.446710853433	4.937070254431
4	117	23.321840956739	7.242921028483
4	122	24.436592935875	3.981391993492
4	136	31.164424466267	10.122769032873
4	148	32.587958473838	10.608018083348
4	156	33.351954412277	1.514008404308
4	162	33.406743842564	1.48388398721
4	167	33.744051732133	1.777377621752
4	172	34.101010738983	1.063582881603
4	191	39.187028690606	4.534138432383
4	199	39.906446777906	3.217377690277
4	208	41.97882194525	2.681762032333
4	225	47.421826926776	1.544986539005
4	239	52.008560703252	2.84853979499
4	252	52.63602327082	0.150399623982
4	270	57.498066436585	4.596751411857
4	277	58.782149578405	4.533197070237
4	284	59.983186778289	4.171816758339
4	309	67.009498717827	2.410776104779
4	321	67.881119531526	0.148081079568
4	333	71.02006260867	1.657934023357
4	348	74.398733023077	1.700306488676
4	357	75.161721287519	1.455759688459
4	375	78.816634900271	3.502629816408
4	394	80.589594266521	4.710166169401
4	400	83.155302396918	4.321126391865
4	407	83.742253636682	3.68541740384
4	414	85.846628933694	5.765686076177
4	422	86.979444796244	6.641861588229
4	430	87.96790106466	7.598838057032
4	439	89.821627218416	6.603766758751
4	453	92.527959043867	3.105601173843
4	458	92.99078273457	3.083606741905
4	465	93.600612839138	2.630983738974
4	483	99.855168786236	1.938570929462
5	87	15.380377262594	12.425422589054
5	179	35.293660142605	30.810730910656
5	213	43.076086693096	26.042218986193
5	220	47.40187348912	29.719718114867
5	234	51.399346408794	25.002080167635
5	247	52.553821890955	23.046383362722
5	265	57.494443717449	27.546822028588
5	289	60.360363950933	23.819176825185
5	295	62.750633889384	22.677716475502
5	302	65.312108492328	10.774985722861
5	317	67.786581788705	10.217472734601
5	337	71.318032072173	1.128718171601
5	370	78.739493341395	3.956717462131
5	474	98.258253335709	23.078541781254
5	488	99.995644908848	23.102623033282

