version 2
run Second-n4-4-20191125-12:37:17-804
attr configname Second-n4
attr datetime 20191125-12:37:17
attr experiment Second-n4
attr inifile omnetpp.ini
attr iterationvars ""
attr iterationvarsf ""
attr measurement ""
attr network org.omnetpp.queueing.Pizza
attr processid 804
attr repetition 4
attr replication ""
attr resultdir results_no_transient
attr runnumber 4
attr seedset 4
param **.PS.maxInventoriedPS 4
param **.U1.interArrivalTime exponential(3s)
param **.U2.interArrivalTime exponential(5s)
param **.PS.serviceTimeForInventoryU1 exponential(1.0s)
param **.PS.serviceTimeForInventoryU2 exponential(1.2s)
param **.PS.serviceTimeDirectU1 exponential(1.4s)
param **.PS.serviceTimeDirectU2 exponential(1.4s)
param **.PS.probabilityProducing 0.7
param **.CS.serviceTimeU1 exponential(1.1s)
param **.CS.serviceTimeU2 exponential(1.4s)

vector 0 Pizza.EntryQueueU1 queueLength:vector ETV
attr interpolationmode sample-hold
attr title "queue length, vector"
vector 1 Pizza.CS queueLength:vector ETV
attr interpolationmode sample-hold
attr title "queue length, vector"
vector 2 Pizza.EntryQueueU2 queueLength:vector ETV
attr interpolationmode sample-hold
attr title "queue length, vector"
vector 3 Pizza.sink lifeTime:vector ETV
attr interpolationmode none
attr title "lifetime of arrived jobs, vector"
attr unit s
vector 4 Pizza.sink lifeTimeU1:vector ETV
attr interpolationmode none
attr title "lifetime of arrived jobs, vector"
attr unit s
vector 5 Pizza.sink lifeTimeU2:vector ETV
attr interpolationmode none
attr title "lifetime of arrived jobs, vector"
attr unit s
0	0	0	0
0	12	12.613584913432	1
0	20	15.344184413521	2
0	22	15.359701926249	3
0	24	16.020464134918	4
0	30	18.568860200749	5
0	31	18.794641994562	4
0	37	19.105674141229	5
0	39	19.132754280125	6
0	41	20.632780967659	5
0	47	21.768623085511	4
0	54	21.9770687825	5
0	55	25.041656347334	4
0	60	25.691999575917	3
0	65	25.777696133159	2
0	70	25.990454128209	1
0	76	26.606699142763	2
0	77	27.444578751499	1
0	83	30.426416133873	0
0	95	32.171336014486	1
0	97	32.602047954079	0
0	103	32.769326310113	1
0	105	33.756239960143	0
0	112	34.181106201414	1
0	115	35.360541996108	0
0	129	36.762234003613	1
0	130	37.139951467424	0
0	141	39.704168613626	1
0	142	40.055852806744	0
0	159	44.700684846098	1
0	163	46.396646824628	2
0	164	48.423639753665	1
0	170	51.00906374061	0
0	181	52.665657676109	1
0	183	54.726782492576	0
0	223	59.977406932223	1
0	228	61.348170084606	2
0	232	62.448400779916	3
0	233	62.865559442789	2
0	238	63.798133423289	1
0	244	65.754657511781	0
0	257	67.820354951162	1
0	259	68.62851302743	2
0	261	69.111579675366	3
0	263	70.416850593279	2
0	270	70.891194576989	1
0	276	71.081793673616	2
0	281	73.277950955673	1
0	286	73.409245199504	0
0	293	73.976109650718	1
0	295	73.984902309808	2
0	298	75.96905715132	1
0	304	76.915962570684	2
0	305	77.421609143865	1
0	312	79.011334771943	2
0	314	79.023120583979	3
0	316	79.20517474548	4
0	318	79.345323712458	3
0	324	80.912997490708	2
0	330	81.066702057024	3
0	333	83.657607635329	2
0	339	84.564363542593	1
0	344	84.851717507302	0
0	381	89.703084453337	1
0	384	91.355770153647	0
0	393	92.723121911488	1
0	395	93.742309195014	2
0	397	95.821519470739	3
0	403	97.392348834635	4
0	406	98.631796344472	3
0	411	98.851387433706	2
0	420	99.567945067261	3
1	0	0	0
2	0	0	0
2	7	11.5440951532	1
2	8	11.881954837231	0
2	27	16.239788987758	1
2	88	31.498983260808	0
2	136	37.165915851452	1
2	139	39.419694873995	2
2	148	40.813472444737	1
2	153	42.433344822	0
2	157	44.494136106173	1
2	175	51.451519048066	0
2	221	59.717357983733	1
2	230	61.977393493899	2
2	249	66.539889452691	1
2	255	67.737826163524	2
2	280	73.234805691797	3
2	297	74.746565836302	4
2	349	84.893031433938	3
2	354	84.950315118195	2
2	361	85.216007078476	3
2	363	85.388330891173	4
2	364	86.176677794862	3
2	370	87.248389603432	2
2	377	88.584049930476	1
2	389	92.454490187301	0
2	401	97.125020627312	1
2	417	99.310926065979	2
3	10	11.881954837231	1.645497879678
3	33	18.794641994562	7.250546841362
3	43	20.632780967659	8.019196054227
3	49	21.768623085511	6.42443867199
3	57	25.041656347334	9.681954421085
3	62	25.691999575917	9.671535440999
3	67	25.777696133159	7.20883593241
3	72	25.990454128209	6.88477998698
3	79	27.444578751499	8.311824471374
3	85	30.426416133873	8.449347351373
3	90	31.498983260808	4.892284118045
3	99	32.602047954079	16.362258966321
3	107	33.756239960143	1.584903945657
3	117	35.360541996108	2.591215685995
3	121	35.849339553875	1.668233352461
3	132	37.139951467424	0.40819673436
3	144	40.055852806744	3.293618803131
3	150	40.813472444737	1.109303831111
3	155	42.433344822	5.267428970548
3	166	48.423639753665	9.00394487967
3	172	51.00906374061	6.308378894512
3	177	51.451519048066	5.054872223438
3	185	54.726782492576	10.232646386403
3	189	54.824090097957	2.158432421848
3	197	56.742181473926	0.110043152201
3	207	59.281413241077	0.092971765614
3	214	59.556135553941	0.195555756942
3	235	62.865559442789	3.30313582333
3	240	63.798133423289	3.820726491066
3	246	65.754657511781	4.406487427175
3	251	66.539889452691	4.091488672775
3	265	70.416850593279	10.699492609546
3	272	70.891194576989	3.070839625827
3	283	73.277950955673	4.649437928243
3	288	73.409245199504	4.297665524138
3	300	75.96905715132	4.887263477704
3	307	77.421609143865	3.445499493147
3	320	79.345323712458	5.36042140265
3	326	80.912997490708	3.997034920024
3	335	83.657607635329	4.646272863386
3	341	84.564363542593	5.541242958614
3	346	84.851717507302	5.646542761822
3	351	84.893031433938	3.826329376914
3	356	84.950315118195	22.972921624296
3	366	86.176677794862	18.438851631338
3	372	87.248389603432	14.013583911635
3	379	88.584049930476	13.837484094174
3	386	91.355770153647	6.139763075171
3	391	92.454490187301	2.751405733964
3	408	98.631796344472	13.243465453299
3	413	98.851387433706	6.128265522218
4	10	11.881954837231	1.645497879678
4	43	20.632780967659	8.019196054227
4	49	21.768623085511	6.42443867199
4	57	25.041656347334	9.681954421085
4	62	25.691999575917	9.671535440999
4	67	25.777696133159	7.20883593241
4	72	25.990454128209	6.88477998698
4	79	27.444578751499	8.311824471374
4	85	30.426416133873	8.449347351373
4	90	31.498983260808	4.892284118045
4	107	33.756239960143	1.584903945657
4	117	35.360541996108	2.591215685995
4	121	35.849339553875	1.668233352461
4	144	40.055852806744	3.293618803131
4	150	40.813472444737	1.109303831111
4	172	51.00906374061	6.308378894512
4	177	51.451519048066	5.054872223438
4	189	54.824090097957	2.158432421848
4	197	56.742181473926	0.110043152201
4	214	59.556135553941	0.195555756942
4	235	62.865559442789	3.30313582333
4	240	63.798133423289	3.820726491066
4	246	65.754657511781	4.406487427175
4	251	66.539889452691	4.091488672775
4	272	70.891194576989	3.070839625827
4	283	73.277950955673	4.649437928243
4	288	73.409245199504	4.297665524138
4	300	75.96905715132	4.887263477704
4	307	77.421609143865	3.445499493147
4	320	79.345323712458	5.36042140265
4	326	80.912997490708	3.997034920024
4	335	83.657607635329	4.646272863386
4	341	84.564363542593	5.541242958614
4	346	84.851717507302	5.646542761822
4	351	84.893031433938	3.826329376914
4	391	92.454490187301	2.751405733964
4	413	98.851387433706	6.128265522218
5	33	18.794641994562	7.250546841362
5	99	32.602047954079	16.362258966321
5	132	37.139951467424	0.40819673436
5	155	42.433344822	5.267428970548
5	166	48.423639753665	9.00394487967
5	185	54.726782492576	10.232646386403
5	207	59.281413241077	0.092971765614
5	265	70.416850593279	10.699492609546
5	356	84.950315118195	22.972921624296
5	366	86.176677794862	18.438851631338
5	372	87.248389603432	14.013583911635
5	379	88.584049930476	13.837484094174
5	386	91.355770153647	6.139763075171
5	408	98.631796344472	13.243465453299

