version 2
run Second-n5-3-20191125-12:37:27-9540
attr configname Second-n5
attr datetime 20191125-12:37:27
attr experiment Second-n5
attr inifile omnetpp.ini
attr iterationvars ""
attr iterationvarsf ""
attr measurement ""
attr network org.omnetpp.queueing.Pizza
attr processid 9540
attr repetition 3
attr replication ""
attr resultdir results_no_transient
attr runnumber 3
attr seedset 3
param **.PS.maxInventoriedPS 5
param **.U1.interArrivalTime exponential(3s)
param **.U2.interArrivalTime exponential(5s)
param **.PS.serviceTimeForInventoryU1 exponential(1.0s)
param **.PS.serviceTimeForInventoryU2 exponential(1.2s)
param **.PS.serviceTimeDirectU1 exponential(1.4s)
param **.PS.serviceTimeDirectU2 exponential(1.4s)
param **.PS.probabilityProducing 0.7
param **.CS.serviceTimeU1 exponential(1.1s)
param **.CS.serviceTimeU2 exponential(1.4s)

vector 0 Pizza.EntryQueueU1 queueLength:vector ETV
attr interpolationmode sample-hold
attr title "queue length, vector"
vector 1 Pizza.CS queueLength:vector ETV
attr interpolationmode sample-hold
attr title "queue length, vector"
vector 2 Pizza.EntryQueueU2 queueLength:vector ETV
attr interpolationmode sample-hold
attr title "queue length, vector"
vector 3 Pizza.sink lifeTime:vector ETV
attr interpolationmode none
attr title "lifetime of arrived jobs, vector"
attr unit s
vector 4 Pizza.sink lifeTimeU2:vector ETV
attr interpolationmode none
attr title "lifetime of arrived jobs, vector"
attr unit s
vector 5 Pizza.sink lifeTimeU1:vector ETV
attr interpolationmode none
attr title "lifetime of arrived jobs, vector"
attr unit s
0	0	0	0
0	5	2.400847172678	1
0	9	3.432143397568	2
0	11	4.111238126736	1
0	16	4.156865278345	0
0	103	36.308346827152	1
0	105	36.378513738629	2
0	109	37.143401473205	3
0	110	37.174005735075	2
0	115	37.519036291657	1
0	120	37.76911637285	0
0	127	39.625289853973	1
0	129	39.936043555211	0
0	153	45.77079454245	1
0	154	46.172612400927	0
0	166	49.46058108282	1
0	170	50.601221380878	2
0	171	52.729845124983	1
0	177	53.584312834	0
0	183	53.910300676346	1
0	186	54.39536168976	0
0	192	55.677446338997	1
0	197	56.832206821884	2
0	200	58.312965509177	1
0	206	59.728812818997	0
0	214	60.360088430261	1
0	216	60.568040346738	2
0	217	60.727596061401	1
0	222	60.971646902829	0
0	240	68.368297353035	1
0	243	70.325106102441	0
0	252	71.65477031632	1
0	257	73.895116799053	2
0	262	76.197304721804	1
0	268	76.436003763333	2
0	270	77.827124946362	1
0	275	78.193697484092	0
0	288	79.675309736938	1
0	292	81.54357657959	0
0	311	84.285778354169	1
0	312	84.840357402616	0
0	358	91.148680961461	1
0	359	91.64949613311	0
1	0	0	0
2	0	0	0
2	35	8.156317798468	1
2	36	8.387010447582	0
2	98	35.683356120115	1
2	99	35.815324406973	0
2	195	56.755477406852	1
2	199	56.862748634216	2
2	212	60.155953783887	3
2	229	61.315400554696	4
2	231	62.007654279924	5
2	234	66.070974027606	4
2	242	68.982110927477	5
2	248	70.818862579004	4
2	259	74.704530066547	5
2	280	79.079031422658	4
2	291	81.183499589559	5
2	299	82.406387140765	4
2	304	82.671239847738	3
2	318	85.610004354595	2
2	323	85.717068958762	1
2	328	85.897018199225	0
2	351	88.448935491813	1
2	352	89.721030999257	0
3	13	4.111238126736	3.744485936914
3	18	4.156865278345	1.756018105667
3	23	4.590042176982	1.157898779414
3	38	8.387010447582	1.862719031551
3	42	9.107685350468	0.951367552
3	50	10.537819334317	0.402383397971
3	57	11.932079817348	0.187694586239
3	66	16.266081065465	1.871532000829
3	75	19.784982628469	3.030373294117
3	82	23.894060550813	0.432845915455
3	90	27.0021526148	0.664727858128
3	101	35.815324406973	1.165576880174
3	112	37.174005735075	1.49064961496
3	117	37.519036291657	1.210689464505
3	122	37.76911637285	1.390602634221
3	131	39.936043555211	2.792642082006
3	136	40.602947482389	0.977657628416
3	146	43.586188726474	1.651601330887
3	156	46.172612400927	0.629931081287
3	160	46.844996076609	1.074201534159
3	173	52.729845124983	4.235109313243
3	179	53.584312834	4.12373175118
3	188	54.39536168976	3.794140308882
3	202	58.312965509177	4.402664832831
3	208	59.728812818997	4.05136648
3	219	60.727596061401	3.895389239517
3	224	60.971646902829	0.611558472568
3	236	66.070974027606	5.502933680868
3	245	70.325106102441	13.569628695589
3	250	70.818862579004	2.450565225969
3	264	76.197304721804	19.334556087588
3	272	77.827124946362	6.172354630042
3	277	78.193697484092	4.298580685039
3	282	79.079031422658	2.643027659325
3	294	81.54357657959	21.387622795703
3	301	82.406387140765	2.731077403827
3	306	82.671239847738	21.355839293042
3	314	84.840357402616	22.832703122692
3	320	85.610004354595	1.324226000426
3	325	85.717068958762	16.734958031285
3	330	85.897018199225	11.192488132678
3	335	86.113605479782	4.930105890223
3	342	86.535514775047	0.258422361506
3	354	89.721030999257	2.508228402592
3	361	91.64949613311	3.200560641297
3	367	92.278532567147	1.129851605686
3	374	97.586564069653	0.12111001917
4	13	4.111238126736	3.744485936914
4	38	8.387010447582	1.862719031551
4	42	9.107685350468	0.951367552
4	90	27.0021526148	0.664727858128
4	112	37.174005735075	1.49064961496
4	146	43.586188726474	1.651601330887
4	156	46.172612400927	0.629931081287
4	173	52.729845124983	4.235109313243
4	245	70.325106102441	13.569628695589
4	264	76.197304721804	19.334556087588
4	294	81.54357657959	21.387622795703
4	306	82.671239847738	21.355839293042
4	314	84.840357402616	22.832703122692
4	325	85.717068958762	16.734958031285
4	330	85.897018199225	11.192488132678
4	335	86.113605479782	4.930105890223
4	361	91.64949613311	3.200560641297
4	374	97.586564069653	0.12111001917
5	18	4.156865278345	1.756018105667
5	23	4.590042176982	1.157898779414
5	50	10.537819334317	0.402383397971
5	57	11.932079817348	0.187694586239
5	66	16.266081065465	1.871532000829
5	75	19.784982628469	3.030373294117
5	82	23.894060550813	0.432845915455
5	101	35.815324406973	1.165576880174
5	117	37.519036291657	1.210689464505
5	122	37.76911637285	1.390602634221
5	131	39.936043555211	2.792642082006
5	136	40.602947482389	0.977657628416
5	160	46.844996076609	1.074201534159
5	179	53.584312834	4.12373175118
5	188	54.39536168976	3.794140308882
5	202	58.312965509177	4.402664832831
5	208	59.728812818997	4.05136648
5	219	60.727596061401	3.895389239517
5	224	60.971646902829	0.611558472568
5	236	66.070974027606	5.502933680868
5	250	70.818862579004	2.450565225969
5	272	77.827124946362	6.172354630042
5	277	78.193697484092	4.298580685039
5	282	79.079031422658	2.643027659325
5	301	82.406387140765	2.731077403827
5	320	85.610004354595	1.324226000426
5	342	86.535514775047	0.258422361506
5	354	89.721030999257	2.508228402592
5	367	92.278532567147	1.129851605686

