version 2
run Second-n4-1-20191125-12:37:13-9724
attr configname Second-n4
attr datetime 20191125-12:37:13
attr experiment Second-n4
attr inifile omnetpp.ini
attr iterationvars ""
attr iterationvarsf ""
attr measurement ""
attr network org.omnetpp.queueing.Pizza
attr processid 9724
attr repetition 1
attr replication ""
attr resultdir results_no_transient
attr runnumber 1
attr seedset 1
param **.PS.maxInventoriedPS 4
param **.U1.interArrivalTime exponential(3s)
param **.U2.interArrivalTime exponential(5s)
param **.PS.serviceTimeForInventoryU1 exponential(1.0s)
param **.PS.serviceTimeForInventoryU2 exponential(1.2s)
param **.PS.serviceTimeDirectU1 exponential(1.4s)
param **.PS.serviceTimeDirectU2 exponential(1.4s)
param **.PS.probabilityProducing 0.7
param **.CS.serviceTimeU1 exponential(1.1s)
param **.CS.serviceTimeU2 exponential(1.4s)

vector 0 Pizza.EntryQueueU1 queueLength:vector ETV
attr interpolationmode sample-hold
attr title "queue length, vector"
vector 1 Pizza.CS queueLength:vector ETV
attr interpolationmode sample-hold
attr title "queue length, vector"
vector 2 Pizza.EntryQueueU2 queueLength:vector ETV
attr interpolationmode sample-hold
attr title "queue length, vector"
vector 3 Pizza.sink lifeTime:vector ETV
attr interpolationmode none
attr title "lifetime of arrived jobs, vector"
attr unit s
vector 4 Pizza.sink lifeTimeU1:vector ETV
attr interpolationmode none
attr title "lifetime of arrived jobs, vector"
attr unit s
vector 5 Pizza.sink lifeTimeU2:vector ETV
attr interpolationmode none
attr title "lifetime of arrived jobs, vector"
attr unit s
0	0	0	0
0	7	5.441193194016	1
0	9	5.789900475303	0
0	35	27.058018158655	1
0	38	28.678291308021	2
0	42	29.672972404049	1
0	48	30.368327002046	2
0	50	31.447456864434	1
0	56	32.744030717232	0
0	62	34.144358635572	1
0	64	35.219092173367	0
0	95	43.923543597864	1
0	97	44.468514149205	0
0	103	45.51937906123	1
0	104	45.544584618957	0
0	144	59.01131106629	1
0	145	60.594798215989	0
0	164	66.473047250452	1
0	167	67.066722893301	0
0	174	67.380333999868	1
0	175	67.905348431543	0
0	204	76.363821130616	1
0	205	76.703990312883	0
0	211	76.813766477814	1
0	212	77.225552182368	0
0	220	78.334649948678	1
0	221	78.387605397296	0
0	268	87.625563431839	1
0	270	88.961487129655	0
0	292	94.636456977262	1
0	294	95.208024467216	0
1	0	0	0
2	0	0	0
2	41	29.363624304907	1
2	69	35.423829991221	0
2	93	43.358517361324	1
2	109	45.934565064067	0
2	124	55.32630781124	1
2	125	55.705680869452	0
2	131	55.831890254691	1
2	133	57.528699694274	2
2	135	58.164972354191	3
2	137	58.861446884012	4
2	138	58.977295789337	3
2	150	60.934289905164	2
2	155	61.508271413211	1
2	159	62.581537946814	2
2	166	66.849498161734	3
2	180	68.493564027885	2
2	185	70.657239653685	1
2	191	71.734936959314	0
2	197	72.86533649707	1
2	198	74.782609240021	0
2	278	89.996234655216	1
2	279	90.591309579955	0
3	11	5.789900475303	4.171082995767
3	15	6.016626572663	0.575433378647
3	28	26.575433490959	0.286897434933
3	44	29.672972404049	2.698263128244
3	52	31.447456864434	4.389438705779
3	58	32.744030717232	4.065739409211
3	66	35.219092173367	4.850765171321
3	71	35.423829991221	1.279471355649
3	75	36.978199634528	7.614575329621
3	85	40.283170316159	0.837958024811
3	99	44.468514149205	1.682238974557
3	106	45.544584618957	1.621041021093
3	111	45.934565064067	0.415186002837
3	117	48.114675684347	4.756158323023
3	127	55.705680869452	3.349444863134
3	140	58.977295789337	3.650987978097
3	147	60.594798215989	4.762907961298
3	152	60.934289905164	1.922978838874
3	157	61.508271413211	3.979571718937
3	169	67.066722893301	8.90175053911
3	177	67.905348431543	1.432301181091
3	182	68.493564027885	1.113230028017
3	187	70.657239653685	11.795792769673
3	193	71.734936959314	9.1533990125
3	200	74.782609240021	7.933111078287
3	207	76.703990312883	3.838653815813
3	214	77.225552182368	0.861731051752
3	223	78.387605397296	1.573838919482
3	227	78.536144165418	0.20149421674
3	238	82.988264920923	0.484970795371
3	245	83.803474181915	0.01291159509
3	252	84.658637240846	0.107319043185
3	259	85.539722667665	0.072832909155
3	272	88.961487129655	3.128955464695
3	281	90.591309579955	2.965746148116
3	285	90.603977917847	0.607743262631
3	296	95.208024467216	0.8905232982
3	301	95.552702047931	0.916245070669
4	11	5.789900475303	4.171082995767
4	15	6.016626572663	0.575433378647
4	28	26.575433490959	0.286897434933
4	44	29.672972404049	2.698263128244
4	52	31.447456864434	4.389438705779
4	58	32.744030717232	4.065739409211
4	66	35.219092173367	4.850765171321
4	71	35.423829991221	1.279471355649
4	85	40.283170316159	0.837958024811
4	99	44.468514149205	1.682238974557
4	106	45.544584618957	1.621041021093
4	111	45.934565064067	0.415186002837
4	152	60.934289905164	1.922978838874
4	177	67.905348431543	1.432301181091
4	182	68.493564027885	1.113230028017
4	214	77.225552182368	0.861731051752
4	223	78.387605397296	1.573838919482
4	227	78.536144165418	0.20149421674
4	238	82.988264920923	0.484970795371
4	245	83.803474181915	0.01291159509
4	259	85.539722667665	0.072832909155
4	272	88.961487129655	3.128955464695
4	281	90.591309579955	2.965746148116
4	301	95.552702047931	0.916245070669
5	75	36.978199634528	7.614575329621
5	117	48.114675684347	4.756158323023
5	127	55.705680869452	3.349444863134
5	140	58.977295789337	3.650987978097
5	147	60.594798215989	4.762907961298
5	157	61.508271413211	3.979571718937
5	169	67.066722893301	8.90175053911
5	187	70.657239653685	11.795792769673
5	193	71.734936959314	9.1533990125
5	200	74.782609240021	7.933111078287
5	207	76.703990312883	3.838653815813
5	252	84.658637240846	0.107319043185
5	285	90.603977917847	0.607743262631
5	296	95.208024467216	0.8905232982

