version 2
run Second-n5-10-20191125-12:37:33-2036
attr configname Second-n5
attr datetime 20191125-12:37:33
attr experiment Second-n5
attr inifile omnetpp.ini
attr iterationvars ""
attr iterationvarsf ""
attr measurement ""
attr network org.omnetpp.queueing.Pizza
attr processid 2036
attr repetition 10
attr replication ""
attr resultdir results_no_transient
attr runnumber 10
attr seedset 10
param **.PS.maxInventoriedPS 5
param **.U1.interArrivalTime exponential(3s)
param **.U2.interArrivalTime exponential(5s)
param **.PS.serviceTimeForInventoryU1 exponential(1.0s)
param **.PS.serviceTimeForInventoryU2 exponential(1.2s)
param **.PS.serviceTimeDirectU1 exponential(1.4s)
param **.PS.serviceTimeDirectU2 exponential(1.4s)
param **.PS.probabilityProducing 0.7
param **.CS.serviceTimeU1 exponential(1.1s)
param **.CS.serviceTimeU2 exponential(1.4s)

vector 0 Pizza.EntryQueueU1 queueLength:vector ETV
attr interpolationmode sample-hold
attr title "queue length, vector"
vector 1 Pizza.CS queueLength:vector ETV
attr interpolationmode sample-hold
attr title "queue length, vector"
vector 2 Pizza.EntryQueueU2 queueLength:vector ETV
attr interpolationmode sample-hold
attr title "queue length, vector"
vector 3 Pizza.sink lifeTime:vector ETV
attr interpolationmode none
attr title "lifetime of arrived jobs, vector"
attr unit s
vector 4 Pizza.sink lifeTimeU2:vector ETV
attr interpolationmode none
attr title "lifetime of arrived jobs, vector"
attr unit s
vector 5 Pizza.sink lifeTimeU1:vector ETV
attr interpolationmode none
attr title "lifetime of arrived jobs, vector"
attr unit s
0	0	0	0
0	10	4.426303334927	1
0	13	5.190193022171	2
0	15	5.226442253557	1
0	20	5.328179012215	0
0	36	8.895634259765	1
0	38	9.700915865658	0
0	121	27.694463129053	1
0	124	28.994449153898	2
0	125	29.548958631144	1
0	131	31.81363401794	0
0	140	33.209629490597	1
0	142	34.704983242378	2
0	148	35.758206778963	3
0	152	37.212289149088	4
0	153	37.340936155443	3
0	158	37.825426027623	2
0	165	39.749772889272	1
0	173	42.314215348723	0
0	195	45.873499078765	1
0	198	46.397450741445	0
0	221	50.332908080076	1
0	222	51.11679337216	0
0	250	55.409078170665	1
0	252	55.409895866199	2
0	253	55.596308678472	1
0	258	56.117616654559	0
0	282	63.897144074905	1
0	286	65.143859906318	2
0	287	65.860182945697	1
0	299	67.022802923742	2
0	302	67.976247402656	1
0	307	68.096284174576	0
0	331	69.668630093769	1
0	333	70.337248163302	0
0	342	71.03274569498	1
0	345	71.87321030321	0
0	379	84.03568420959	1
0	380	84.122688074908	0
0	404	91.086750733039	1
0	406	92.363864349967	2
0	412	94.91698122614	3
0	413	95.53320729165	2
0	421	97.390560131395	3
0	422	97.402365997706	2
0	427	97.579240572682	1
0	435	99.078902085919	0
1	0	0	0
2	0	0	0
2	5	1.879385144195	1
2	26	6.594761506651	0
2	32	6.900191601093	1
2	43	10.557206128113	0
2	57	15.273300482886	1
2	60	16.281626342917	2
2	61	16.430777793179	1
2	66	18.574052904132	0
2	112	26.815867947001	1
2	113	26.827548575945	0
2	119	27.562908703884	1
2	136	32.012010869553	0
2	150	36.481560630655	1
2	172	41.00633185348	2
2	178	42.316865979184	1
2	183	42.935516560809	0
2	204	46.837928953394	1
2	205	46.928385168595	0
2	217	48.949345534343	1
2	228	51.711279345795	0
2	278	62.880178804933	1
2	280	63.440051955463	2
2	295	66.346058348422	3
2	313	68.886221517898	2
2	319	69.208889629008	1
2	324	69.368994538503	0
2	340	71.004942827304	1
2	344	71.570112110421	2
2	351	73.327402227852	1
2	357	75.69321496319	0
2	375	81.006985532314	1
2	386	84.915877798072	2
2	389	86.932126943434	1
2	395	87.033784990186	2
2	397	87.772650925313	3
2	399	87.847508607751	4
2	400	87.999535744394	3
2	410	94.666180870249	4
2	419	95.58791649644	5
2	442	99.975620855317	6
3	17	5.226442253557	3.451908580821
3	22	5.328179012215	0.901875677288
3	28	6.594761506651	1.40456848448
3	40	9.700915865658	7.821530721463
3	45	10.557206128113	1.661571868348
3	49	13.059911604713	6.15972000362
3	63	16.430777793179	1.233394640876
3	68	18.574052904132	3.300752421246
3	72	19.135866485359	2.854240142442
3	81	21.317604289064	1.595122426303
3	88	23.298348304683	0.422993686378
3	97	25.196919267202	0.169428951243
3	104	25.768001097665	0.052834746031
3	115	26.827548575945	0.872473714482
3	127	29.548958631144	2.733090684143
3	133	31.81363401794	4.119170888887
3	138	32.012010869553	3.017561715655
3	155	37.340936155443	9.778027451559
3	160	37.825426027623	4.615796537026
3	167	39.749772889272	5.044789646894
3	175	42.314215348723	6.55600856976
3	180	42.316865979184	5.104576830096
3	185	42.935516560809	6.453955930154
3	190	43.635926596337	2.629594742857
3	200	46.397450741445	1.567280499085
3	207	46.928385168595	1.05488608983
3	212	47.880254988942	1.042326035548
3	224	51.11679337216	2.387715945389
3	230	51.711279345795	1.378371265719
3	234	51.913608320427	2.964262786084
3	242	52.924903569332	0.366174883023
3	255	55.596308678472	0.304889198283
3	260	56.117616654559	0.708538483894
3	264	56.498699457587	1.088803591388
3	273	58.607992929168	0.751622466115
3	289	65.860182945697	6.313052962228
3	304	67.976247402656	4.079103327751
3	309	68.096284174576	2.952424268258
3	315	68.886221517898	1.863418594156
3	321	69.208889629008	6.328710824075
3	326	69.368994538503	5.92894258304
3	335	70.337248163302	3.99118981488
3	347	71.87321030321	2.204580209441
3	353	73.327402227852	2.294656532872
3	359	75.69321496319	4.688272135886
3	363	77.143391931066	5.573279820645
3	370	79.416080098797	1.021282791325
3	382	84.122688074908	4.54487148639
3	391	86.932126943434	2.896442733844
3	402	87.999535744394	6.99255021208
3	415	95.53320729165	10.617329493578
3	424	97.402365997706	6.315615264667
3	429	97.579240572682	5.215376222715
3	437	99.078902085919	4.161920859779
4	17	5.226442253557	3.451908580821
4	40	9.700915865658	7.821530721463
4	49	13.059911604713	6.15972000362
4	68	18.574052904132	3.300752421246
4	72	19.135866485359	2.854240142442
4	97	25.196919267202	0.169428951243
4	127	29.548958631144	2.733090684143
4	155	37.340936155443	9.778027451559
4	185	42.935516560809	6.453955930154
4	190	43.635926596337	2.629594742857
4	200	46.397450741445	1.567280499085
4	212	47.880254988942	1.042326035548
4	224	51.11679337216	2.387715945389
4	234	51.913608320427	2.964262786084
4	289	65.860182945697	6.313052962228
4	321	69.208889629008	6.328710824075
4	326	69.368994538503	5.92894258304
4	335	70.337248163302	3.99118981488
4	359	75.69321496319	4.688272135886
4	363	77.143391931066	5.573279820645
4	370	79.416080098797	1.021282791325
4	382	84.122688074908	4.54487148639
4	402	87.999535744394	6.99255021208
4	415	95.53320729165	10.617329493578
5	22	5.328179012215	0.901875677288
5	28	6.594761506651	1.40456848448
5	45	10.557206128113	1.661571868348
5	63	16.430777793179	1.233394640876
5	81	21.317604289064	1.595122426303
5	88	23.298348304683	0.422993686378
5	104	25.768001097665	0.052834746031
5	115	26.827548575945	0.872473714482
5	133	31.81363401794	4.119170888887
5	138	32.012010869553	3.017561715655
5	160	37.825426027623	4.615796537026
5	167	39.749772889272	5.044789646894
5	175	42.314215348723	6.55600856976
5	180	42.316865979184	5.104576830096
5	207	46.928385168595	1.05488608983
5	230	51.711279345795	1.378371265719
5	242	52.924903569332	0.366174883023
5	255	55.596308678472	0.304889198283
5	260	56.117616654559	0.708538483894
5	264	56.498699457587	1.088803591388
5	273	58.607992929168	0.751622466115
5	304	67.976247402656	4.079103327751
5	309	68.096284174576	2.952424268258
5	315	68.886221517898	1.863418594156
5	347	71.87321030321	2.204580209441
5	353	73.327402227852	2.294656532872
5	391	86.932126943434	2.896442733844
5	424	97.402365997706	6.315615264667
5	429	97.579240572682	5.215376222715
5	437	99.078902085919	4.161920859779

