version 2
run Second-n4-6-20191125-12:37:20-2156
attr configname Second-n4
attr datetime 20191125-12:37:20
attr experiment Second-n4
attr inifile omnetpp.ini
attr iterationvars ""
attr iterationvarsf ""
attr measurement ""
attr network org.omnetpp.queueing.Pizza
attr processid 2156
attr repetition 6
attr replication ""
attr resultdir results_no_transient
attr runnumber 6
attr seedset 6
param **.PS.maxInventoriedPS 4
param **.U1.interArrivalTime exponential(3s)
param **.U2.interArrivalTime exponential(5s)
param **.PS.serviceTimeForInventoryU1 exponential(1.0s)
param **.PS.serviceTimeForInventoryU2 exponential(1.2s)
param **.PS.serviceTimeDirectU1 exponential(1.4s)
param **.PS.serviceTimeDirectU2 exponential(1.4s)
param **.PS.probabilityProducing 0.7
param **.CS.serviceTimeU1 exponential(1.1s)
param **.CS.serviceTimeU2 exponential(1.4s)

vector 0 Pizza.EntryQueueU1 queueLength:vector ETV
attr interpolationmode sample-hold
attr title "queue length, vector"
vector 1 Pizza.CS queueLength:vector ETV
attr interpolationmode sample-hold
attr title "queue length, vector"
vector 2 Pizza.EntryQueueU2 queueLength:vector ETV
attr interpolationmode sample-hold
attr title "queue length, vector"
vector 3 Pizza.sink lifeTime:vector ETV
attr interpolationmode none
attr title "lifetime of arrived jobs, vector"
attr unit s
vector 4 Pizza.sink lifeTimeU1:vector ETV
attr interpolationmode none
attr title "lifetime of arrived jobs, vector"
attr unit s
vector 5 Pizza.sink lifeTimeU2:vector ETV
attr interpolationmode none
attr title "lifetime of arrived jobs, vector"
attr unit s
0	0	0	0
0	16	8.225492417849	1
0	17	8.508111837719	0
0	24	10.493091882518	1
0	25	10.998708796901	0
0	62	22.202932224016	1
0	63	23.107099111595	0
0	70	23.751734952939	1
0	71	25.028092739792	0
0	79	25.601634746891	1
0	80	25.895971535273	0
0	94	30.249624548296	1
0	95	30.779418790498	0
0	106	31.550337724991	1
0	109	33.01636158781	0
0	172	47.932012766125	1
0	175	49.057406969733	0
0	184	49.892086801421	1
0	185	52.273244929194	0
0	204	55.318954504664	1
0	206	55.506286906136	0
0	245	71.333479995972	1
0	246	72.869879693716	0
0	260	74.849276981552	1
0	262	75.535717982596	2
0	266	76.807865593222	1
0	271	77.224683944644	0
0	314	89.711605618236	1
0	316	89.839541819067	2
0	318	90.92625570164	3
0	319	91.622567385289	2
0	325	93.190282866465	1
0	331	93.397904066682	2
0	333	94.717102370847	1
0	341	96.584402212415	0
1	0	0	0
2	0	0	0
2	41	14.732432608285	1
2	43	15.735417840727	0
2	77	25.18060525064	1
2	86	26.656583440592	2
2	87	26.901160985125	1
2	100	31.101212039745	0
2	115	33.023154477668	1
2	116	33.516124269275	0
2	133	36.016880397991	1
2	134	36.410905295778	0
2	163	45.849348976257	1
2	165	46.518584732388	0
2	182	49.865759197661	1
2	190	53.151301302706	0
2	264	75.659173097487	1
2	276	77.854243123622	0
2	290	79.153587290019	1
2	291	79.482330280438	0
2	307	88.110168907245	1
2	308	89.262190732199	0
3	7	7.076670390206	0.375809616764
3	19	8.508111837719	0.596940445195
3	27	10.998708796901	2.773216379052
3	31	11.300319852052	0.807227969534
3	45	15.735417840727	1.248246844087
3	52	17.303909093657	2.571476485372
3	65	23.107099111595	3.477895285403
3	73	25.028092739792	2.825160515776
3	82	25.895971535273	2.144236582334
3	89	26.901160985125	1.299526238234
3	97	30.779418790498	5.598813539858
3	102	31.101212039745	0.851587491449
3	111	33.01636158781	6.359778147218
3	118	33.516124269275	1.965786544284
3	124	35.360577633503	2.337423155835
3	136	36.410905295778	0.743266384605
3	141	36.641161916469	0.624281518478
3	148	39.018266671125	1.331992589711
3	156	42.041569368643	0.554094836598
3	167	46.518584732388	1.050031813681
3	177	49.057406969733	3.208057993476
3	187	52.273244929194	4.341232163069
3	192	53.151301302706	3.259214501285
3	197	54.850109296105	4.984350098444
3	208	55.506286906136	0.369250130352
3	212	55.682848984419	0.363894479755
3	221	64.33897804911	1.257459933757
3	228	66.567821223047	0.046481414892
3	235	66.873707954969	0.075366422552
3	248	72.869879693716	2.604899313724
3	253	73.84318744804	2.509707452068
3	268	76.807865593222	2.331991102307
3	273	77.224683944644	2.375406963092
3	278	77.854243123622	2.318525141026
3	283	78.961948879308	3.302775781821
3	293	79.482330280438	0.452827281412
3	299	80.640580013487	1.486992723468
3	310	89.262190732199	2.140658012673
3	321	91.622567385289	3.512398478044
3	327	93.190282866465	3.478677248229
3	335	94.717102370847	4.87756055178
3	343	96.584402212415	5.658146510775
3	347	96.716202266341	3.318298199659
3	356	99.422929766068	1.197024402207
4	7	7.076670390206	0.375809616764
4	19	8.508111837719	0.596940445195
4	27	10.998708796901	2.773216379052
4	31	11.300319852052	0.807227969534
4	45	15.735417840727	1.248246844087
4	65	23.107099111595	3.477895285403
4	73	25.028092739792	2.825160515776
4	82	25.895971535273	2.144236582334
4	89	26.901160985125	1.299526238234
4	102	31.101212039745	0.851587491449
4	118	33.516124269275	1.965786544284
4	136	36.410905295778	0.743266384605
4	156	42.041569368643	0.554094836598
4	167	46.518584732388	1.050031813681
4	187	52.273244929194	4.341232163069
4	192	53.151301302706	3.259214501285
4	208	55.506286906136	0.369250130352
4	212	55.682848984419	0.363894479755
4	221	64.33897804911	1.257459933757
4	228	66.567821223047	0.046481414892
4	235	66.873707954969	0.075366422552
4	253	73.84318744804	2.509707452068
4	268	76.807865593222	2.331991102307
4	273	77.224683944644	2.375406963092
4	278	77.854243123622	2.318525141026
4	327	93.190282866465	3.478677248229
4	335	94.717102370847	4.87756055178
4	343	96.584402212415	5.658146510775
4	347	96.716202266341	3.318298199659
5	52	17.303909093657	2.571476485372
5	97	30.779418790498	5.598813539858
5	111	33.01636158781	6.359778147218
5	124	35.360577633503	2.337423155835
5	141	36.641161916469	0.624281518478
5	148	39.018266671125	1.331992589711
5	177	49.057406969733	3.208057993476
5	197	54.850109296105	4.984350098444
5	248	72.869879693716	2.604899313724
5	283	78.961948879308	3.302775781821
5	293	79.482330280438	0.452827281412
5	299	80.640580013487	1.486992723468
5	310	89.262190732199	2.140658012673
5	321	91.622567385289	3.512398478044
5	356	99.422929766068	1.197024402207

