version 2
run Second-n3-2-20191125-12:37:03-9296
attr configname Second-n3
attr datetime 20191125-12:37:03
attr experiment Second-n3
attr inifile omnetpp.ini
attr iterationvars ""
attr iterationvarsf ""
attr measurement ""
attr network org.omnetpp.queueing.Pizza
attr processid 9296
attr repetition 2
attr replication ""
attr resultdir results_no_transient
attr runnumber 2
attr seedset 2
param **.PS.maxInventoriedPS 3
param **.U1.interArrivalTime exponential(3s)
param **.U2.interArrivalTime exponential(5s)
param **.PS.serviceTimeForInventoryU1 exponential(1.0s)
param **.PS.serviceTimeForInventoryU2 exponential(1.2s)
param **.PS.serviceTimeDirectU1 exponential(1.4s)
param **.PS.serviceTimeDirectU2 exponential(1.4s)
param **.PS.probabilityProducing 0.7
param **.CS.serviceTimeU1 exponential(1.1s)
param **.CS.serviceTimeU2 exponential(1.4s)

vector 0 Pizza.EntryQueueU1 queueLength:vector ETV
attr interpolationmode sample-hold
attr title "queue length, vector"
vector 1 Pizza.CS queueLength:vector ETV
attr interpolationmode sample-hold
attr title "queue length, vector"
vector 2 Pizza.EntryQueueU2 queueLength:vector ETV
attr interpolationmode sample-hold
attr title "queue length, vector"
vector 3 Pizza.sink lifeTime:vector ETV
attr interpolationmode none
attr title "lifetime of arrived jobs, vector"
attr unit s
vector 4 Pizza.sink lifeTimeU2:vector ETV
attr interpolationmode none
attr title "lifetime of arrived jobs, vector"
attr unit s
vector 5 Pizza.sink lifeTimeU1:vector ETV
attr interpolationmode none
attr title "lifetime of arrived jobs, vector"
attr unit s
0	0	0	0
0	7	1.718075968882	1
0	13	5.540971110126	0
0	38	10.572109086914	1
0	41	11.469341677053	2
0	44	12.338075893448	1
0	49	12.429371851505	0
0	68	13.922410977845	1
0	70	14.431988715574	0
0	76	14.691007718191	1
0	81	15.379211545418	0
0	89	15.982554813814	1
0	90	16.105043778541	0
0	96	18.093582354327	1
0	100	19.36397459778	0
0	134	32.176241356729	1
0	137	32.650315043847	0
0	160	37.224500534282	1
0	163	41.018867611498	0
0	191	52.49939099949	1
0	192	53.098804737701	0
0	199	54.246113768745	1
0	200	55.472867511496	0
0	236	62.017636538683	1
0	241	63.66704111257	0
0	247	64.079572027922	1
0	249	64.763226664213	0
0	277	74.905420400304	1
0	278	75.592379879238	0
0	292	79.533173826088	1
0	293	80.985955377113	0
0	299	81.173249246645	1
0	301	81.511319627647	2
0	306	82.74858556033	1
0	311	83.216098512119	0
0	318	83.862802447879	1
0	322	85.495615976205	2
0	323	85.696800781086	1
0	328	85.741717848625	0
0	341	87.826451582985	1
0	343	89.363182299469	0
0	350	90.208058851905	1
0	353	90.55962660516	2
0	356	91.277321059057	3
0	358	91.2776918345	4
0	359	92.39121324209	3
0	364	92.602977520361	2
0	369	92.713130060514	1
0	379	94.255261734879	2
0	380	94.402894970737	1
0	385	94.757301504074	0
1	0	0	0
2	0	0	0
2	5	1.154680605615	1
2	11	5.143470225116	2
2	18	6.603205211783	1
2	24	7.075728570225	2
2	25	7.216616805748	1
2	32	10.183927683578	0
2	43	12.084123848813	1
2	54	12.81703880589	0
2	78	14.699524474949	1
2	87	15.618076966186	2
2	105	20.126454897295	1
2	112	23.495427570238	2
2	114	25.38928164064	3
2	115	27.127335929625	2
2	121	29.576033963148	3
2	122	29.865448398309	2
2	128	31.550308366845	1
2	136	32.446168158443	2
2	143	32.874474624798	3
2	146	34.554364421242	2
2	151	36.476438400018	1
2	156	36.971240790646	0
2	177	48.518609081637	1
2	178	48.933153862141	0
2	222	58.535901388584	1
2	223	58.805606449939	0
2	239	62.3627573593	1
2	254	65.17660376522	0
2	270	72.419681497137	1
2	271	74.075933455363	0
2	285	77.581584642512	1
2	286	77.93992043412	0
2	303	81.859368606997	1
2	320	84.158506842473	2
2	333	86.816423413374	1
2	390	94.929891363052	0
3	15	5.540971110126	4.517631688744
3	20	6.603205211783	4.885129242901
3	27	7.216616805748	6.061936200133
3	34	10.183927683578	5.040457458462
3	46	12.338075893448	5.262347323223
3	51	12.429371851505	1.857262764591
3	56	12.81703880589	1.347697128837
3	60	13.084483814139	1.000359965326
3	72	14.431988715574	0.917586688609
3	83	15.379211545418	1.456800567573
3	92	16.105043778541	1.41403606035
3	102	19.36397459778	3.381419783966
3	107	20.126454897295	2.032872542968
3	117	27.127335929625	12.427811454676
3	124	29.865448398309	14.247371432123
3	130	31.550308366845	8.054880796607
3	139	32.650315043847	7.261033403207
3	148	34.554364421242	2.378123064513
3	153	36.476438400018	6.90040443687
3	158	36.971240790646	4.525072632203
3	165	41.018867611498	8.1443929867
3	169	42.031795877192	4.80729534291
3	180	48.933153862141	6.544648567538
3	184	50.590059934752	2.071450853115
3	194	53.098804737701	1.804370010321
3	202	55.472867511496	2.973476512006
3	206	56.010999308578	1.764885539833
3	214	56.672076673185	0.006115833221
3	225	58.805606449939	0.335219091694
3	229	59.471086640772	0.935185252188
3	243	63.66704111257	3.561770541511
3	251	64.763226664213	2.74559012553
3	256	65.17660376522	1.097031737298
3	261	66.63446229696	4.27170493766
3	273	74.075933455363	2.959090121807
3	280	75.592379879238	3.172698382101
3	288	77.93992043412	3.034500033816
3	295	80.985955377113	3.404370734601
3	308	82.74858556033	3.215411734242
3	313	83.216098512119	2.042849265474
3	325	85.696800781086	4.185481153439
3	330	85.741717848625	1.878915400746
3	335	86.816423413374	1.320807437169
3	345	89.363182299469	7.503813692472
3	361	92.39121324209	4.564761659105
3	366	92.602977520361	2.394918668456
3	371	92.713130060514	2.153503455354
3	382	94.402894970737	3.12557391168
3	387	94.757301504074	3.479609669574
3	392	94.929891363052	0.674629628173
3	396	95.299658703902	11.141151861429
4	15	5.540971110126	4.517631688744
4	27	7.216616805748	6.061936200133
4	34	10.183927683578	5.040457458462
4	46	12.338075893448	5.262347323223
4	60	13.084483814139	1.000359965326
4	117	27.127335929625	12.427811454676
4	124	29.865448398309	14.247371432123
4	130	31.550308366845	8.054880796607
4	139	32.650315043847	7.261033403207
4	153	36.476438400018	6.90040443687
4	158	36.971240790646	4.525072632203
4	165	41.018867611498	8.1443929867
4	180	48.933153862141	6.544648567538
4	184	50.590059934752	2.071450853115
4	194	53.098804737701	1.804370010321
4	225	58.805606449939	0.335219091694
4	229	59.471086640772	0.935185252188
4	243	63.66704111257	3.561770541511
4	261	66.63446229696	4.27170493766
4	273	74.075933455363	2.959090121807
4	280	75.592379879238	3.172698382101
4	295	80.985955377113	3.404370734601
4	345	89.363182299469	7.503813692472
4	396	95.299658703902	11.141151861429
5	20	6.603205211783	4.885129242901
5	51	12.429371851505	1.857262764591
5	56	12.81703880589	1.347697128837
5	72	14.431988715574	0.917586688609
5	83	15.379211545418	1.456800567573
5	92	16.105043778541	1.41403606035
5	102	19.36397459778	3.381419783966
5	107	20.126454897295	2.032872542968
5	148	34.554364421242	2.378123064513
5	169	42.031795877192	4.80729534291
5	202	55.472867511496	2.973476512006
5	206	56.010999308578	1.764885539833
5	214	56.672076673185	0.006115833221
5	251	64.763226664213	2.74559012553
5	256	65.17660376522	1.097031737298
5	288	77.93992043412	3.034500033816
5	308	82.74858556033	3.215411734242
5	313	83.216098512119	2.042849265474
5	325	85.696800781086	4.185481153439
5	330	85.741717848625	1.878915400746
5	335	86.816423413374	1.320807437169
5	361	92.39121324209	4.564761659105
5	366	92.602977520361	2.394918668456
5	371	92.713130060514	2.153503455354
5	382	94.402894970737	3.12557391168
5	387	94.757301504074	3.479609669574
5	392	94.929891363052	0.674629628173

