version 2
run Second-n5-15-20191125-12:37:37-4720
attr configname Second-n5
attr datetime 20191125-12:37:37
attr experiment Second-n5
attr inifile omnetpp.ini
attr iterationvars ""
attr iterationvarsf ""
attr measurement ""
attr network org.omnetpp.queueing.Pizza
attr processid 4720
attr repetition 15
attr replication ""
attr resultdir results_no_transient
attr runnumber 15
attr seedset 15
param **.PS.maxInventoriedPS 5
param **.U1.interArrivalTime exponential(3s)
param **.U2.interArrivalTime exponential(5s)
param **.PS.serviceTimeForInventoryU1 exponential(1.0s)
param **.PS.serviceTimeForInventoryU2 exponential(1.2s)
param **.PS.serviceTimeDirectU1 exponential(1.4s)
param **.PS.serviceTimeDirectU2 exponential(1.4s)
param **.PS.probabilityProducing 0.7
param **.CS.serviceTimeU1 exponential(1.1s)
param **.CS.serviceTimeU2 exponential(1.4s)

vector 0 Pizza.EntryQueueU1 queueLength:vector ETV
attr interpolationmode sample-hold
attr title "queue length, vector"
vector 1 Pizza.CS queueLength:vector ETV
attr interpolationmode sample-hold
attr title "queue length, vector"
vector 2 Pizza.EntryQueueU2 queueLength:vector ETV
attr interpolationmode sample-hold
attr title "queue length, vector"
vector 3 Pizza.sink lifeTime:vector ETV
attr interpolationmode none
attr title "lifetime of arrived jobs, vector"
attr unit s
vector 4 Pizza.sink lifeTimeU1:vector ETV
attr interpolationmode none
attr title "lifetime of arrived jobs, vector"
attr unit s
vector 5 Pizza.sink lifeTimeU2:vector ETV
attr interpolationmode none
attr title "lifetime of arrived jobs, vector"
attr unit s
0	0	0	0
0	5	6.259122747316	1
0	7	6.426812955062	2
0	9	6.779740928897	3
0	15	8.125822386251	4
0	20	9.215084584741	5
0	22	9.794334791656	4
0	28	10.077726858813	5
0	30	10.56124356042	4
0	35	11.164986878568	3
0	40	11.366301650683	2
0	48	13.005391597038	1
0	55	13.872864842129	2
0	59	14.5775608498	1
0	64	14.745457118978	0
0	105	23.76338756866	1
0	107	24.008094624652	2
0	108	24.696411328669	1
0	113	24.728963113022	0
0	126	26.674915068838	1
0	131	27.594546857254	0
0	142	28.446676844748	1
0	143	29.037161900472	0
0	152	29.744101523364	1
0	154	30.078048833928	2
0	158	31.838333152105	3
0	160	31.910917471726	4
0	164	32.645974422347	5
0	166	34.065860759647	4
0	171	34.874365200628	3
0	176	35.875825567032	2
0	183	36.546572642217	3
0	184	36.893337973109	2
0	193	38.954421338473	3
0	195	38.990669823365	4
0	196	39.300981976299	3
0	201	40.414355941705	2
0	207	40.891677254779	1
0	216	43.184938914356	0
0	222	43.465285372708	1
0	223	44.242149429992	0
0	229	44.66678608274	1
0	231	45.413095219448	0
0	249	46.841785615919	1
0	250	46.856261430698	0
0	256	47.190326417537	1
0	258	47.577375401276	2
0	260	48.249507134923	3
0	263	49.191979350547	2
0	268	49.208608990162	1
0	273	50.302088785725	0
0	283	53.776832006003	1
0	284	54.194399115054	0
0	298	56.518510336705	1
0	302	57.693578234852	2
0	303	57.71706445281	1
0	312	58.245662565134	2
0	313	58.922524852433	1
0	318	59.068137345316	0
0	324	59.103370499058	1
0	328	60.467499005064	2
0	331	61.153075105145	1
0	336	61.264350755077	0
0	348	62.780595383509	1
0	351	65.10604952574	0
0	391	78.509303122718	1
0	393	79.477534243274	2
0	397	81.39545331761	3
0	398	81.739418198174	2
0	403	81.814526238798	1
0	409	82.070751728001	2
0	415	85.001917286533	3
0	417	86.529547353486	2
0	424	87.876461613243	1
0	431	88.337962527069	0
0	454	90.477058251387	1
0	458	94.123762947086	0
0	479	95.139300782761	1
0	481	96.830647422782	0
0	487	97.111841027182	1
0	489	98.098210146013	2
0	492	98.446589345277	1
0	500	99.964215031416	0
1	0	0	0
2	0	0	0
2	17	8.398777523668	1
2	70	14.762268602085	2
2	72	16.178880033503	1
2	78	16.538495972092	2
2	81	18.588070246832	1
2	87	18.803865113395	2
2	90	20.249455105469	1
2	96	21.385086784571	2
2	98	21.80018050469	3
2	99	22.847490833351	2
2	119	26.166219244079	1
2	128	27.254006113054	2
2	130	27.522546284481	3
2	136	27.860428596024	2
2	148	29.491477472557	1
2	236	45.467611210684	0
2	281	51.71132107921	1
2	292	55.63017651904	0
2	300	57.595609207788	1
2	310	58.242876397896	2
2	342	62.449465940592	1
2	357	65.439513648353	2
2	358	66.398172020302	1
2	363	66.671625012538	0
2	377	70.844785063191	1
2	378	71.097078573661	0
2	382	75.25747774362	1
2	385	75.563422370581	0
2	389	75.870510479154	1
2	412	82.71156929434	2
2	437	89.195392685459	3
2	438	89.303975856668	2
2	443	89.818228799777	1
2	448	90.104181389365	0
3	24	9.794334791656	4.126528272437
3	32	10.56124356042	4.302120813104
3	37	11.164986878568	4.738173923506
3	42	11.366301650683	4.586560721786
3	50	13.005391597038	4.879569210787
3	61	14.5775608498	5.362476265059
3	66	14.745457118978	4.667730260165
3	74	16.178880033503	2.306015191374
3	83	18.588070246832	10.189292723164
3	92	20.249455105469	5.487186503384
3	101	22.847490833351	6.308994861259
3	110	24.696411328669	5.892546215274
3	115	24.728963113022	0.965575544362
3	121	26.166219244079	2.158124619427
3	133	27.594546857254	6.209460072683
3	138	27.860428596024	1.185513527186
3	145	29.037161900472	7.236981395782
3	150	29.491477472557	1.044800627809
3	168	34.065860759647	6.811854646593
3	173	34.874365200628	5.130263677264
3	178	35.875825567032	5.797776733104
3	186	36.893337973109	5.055004821004
3	198	39.300981976299	7.390064504573
3	203	40.414355941705	7.768381519358
3	209	40.891677254779	4.345104612562
3	218	43.184938914356	4.230517575883
3	225	44.242149429992	5.251479606627
3	233	45.413095219448	1.94780984674
3	238	45.467611210684	0.800825127944
3	242	45.571821721957	18.049275437476
3	252	46.856261430698	0.967377972043
3	265	49.191979350547	2.350193734628
3	270	49.208608990162	2.018282572625
3	275	50.302088785725	2.724713384449
3	286	54.194399115054	5.944891980131
3	294	55.63017651904	1.853344513037
3	305	57.71706445281	6.0057433736
3	315	58.922524852433	2.404014515728
3	320	59.068137345316	1.374559110464
3	333	61.153075105145	2.907412540011
3	338	61.264350755077	2.160980256019
3	344	62.449465940592	1.981966935528
3	353	65.10604952574	7.510440317952
3	360	66.398172020302	3.617576636793
3	365	66.671625012538	8.428748614642
3	370	68.436057347412	2.996543699059
3	380	71.097078573661	2.523100695304
3	387	75.563422370581	4.71863730739
3	400	81.739418198174	6.481940454554
3	405	81.814526238798	3.30522311608
3	419	86.529547353486	7.052013110212
3	426	87.876461613243	6.481008295633
3	433	88.337962527069	6.267210799068
3	440	89.303975856668	4.302058570135
3	445	89.818228799777	13.947718320623
3	450	90.104181389365	7.392612095025
3	460	94.123762947086	4.928370261627
3	464	94.393384093556	3.916325842169
3	471	94.885751276287	0.314933217763
3	483	96.830647422782	1.897620723701
3	494	98.446589345277	3.307288562516
3	502	99.964215031416	2.852374004234
4	24	9.794334791656	4.126528272437
4	32	10.56124356042	4.302120813104
4	37	11.164986878568	4.738173923506
4	42	11.366301650683	4.586560721786
4	50	13.005391597038	4.879569210787
4	61	14.5775608498	5.362476265059
4	66	14.745457118978	4.667730260165
4	74	16.178880033503	2.306015191374
4	115	24.728963113022	0.965575544362
4	121	26.166219244079	2.158124619427
4	138	27.860428596024	1.185513527186
4	150	29.491477472557	1.044800627809
4	173	34.874365200628	5.130263677264
4	178	35.875825567032	5.797776733104
4	186	36.893337973109	5.055004821004
4	198	39.300981976299	7.390064504573
4	203	40.414355941705	7.768381519358
4	209	40.891677254779	4.345104612562
4	218	43.184938914356	4.230517575883
4	225	44.242149429992	5.251479606627
4	233	45.413095219448	1.94780984674
4	238	45.467611210684	0.800825127944
4	265	49.191979350547	2.350193734628
4	270	49.208608990162	2.018282572625
4	275	50.302088785725	2.724713384449
4	286	54.194399115054	5.944891980131
4	294	55.63017651904	1.853344513037
4	315	58.922524852433	2.404014515728
4	320	59.068137345316	1.374559110464
4	333	61.153075105145	2.907412540011
4	338	61.264350755077	2.160980256019
4	344	62.449465940592	1.981966935528
4	360	66.398172020302	3.617576636793
4	405	81.814526238798	3.30522311608
4	419	86.529547353486	7.052013110212
4	426	87.876461613243	6.481008295633
4	433	88.337962527069	6.267210799068
4	440	89.303975856668	4.302058570135
4	464	94.393384093556	3.916325842169
4	471	94.885751276287	0.314933217763
4	483	96.830647422782	1.897620723701
4	494	98.446589345277	3.307288562516
4	502	99.964215031416	2.852374004234
5	83	18.588070246832	10.189292723164
5	92	20.249455105469	5.487186503384
5	101	22.847490833351	6.308994861259
5	110	24.696411328669	5.892546215274
5	133	27.594546857254	6.209460072683
5	145	29.037161900472	7.236981395782
5	168	34.065860759647	6.811854646593
5	242	45.571821721957	18.049275437476
5	252	46.856261430698	0.967377972043
5	305	57.71706445281	6.0057433736
5	353	65.10604952574	7.510440317952
5	365	66.671625012538	8.428748614642
5	370	68.436057347412	2.996543699059
5	380	71.097078573661	2.523100695304
5	387	75.563422370581	4.71863730739
5	400	81.739418198174	6.481940454554
5	445	89.818228799777	13.947718320623
5	450	90.104181389365	7.392612095025
5	460	94.123762947086	4.928370261627

