version 2
run Second-n4-19-20191125-12:37:32-8256
attr configname Second-n4
attr datetime 20191125-12:37:32
attr experiment Second-n4
attr inifile omnetpp.ini
attr iterationvars ""
attr iterationvarsf ""
attr measurement ""
attr network org.omnetpp.queueing.Pizza
attr processid 8256
attr repetition 19
attr replication ""
attr resultdir results_no_transient
attr runnumber 19
attr seedset 19
param **.PS.maxInventoriedPS 4
param **.U1.interArrivalTime exponential(3s)
param **.U2.interArrivalTime exponential(5s)
param **.PS.serviceTimeForInventoryU1 exponential(1.0s)
param **.PS.serviceTimeForInventoryU2 exponential(1.2s)
param **.PS.serviceTimeDirectU1 exponential(1.4s)
param **.PS.serviceTimeDirectU2 exponential(1.4s)
param **.PS.probabilityProducing 0.7
param **.CS.serviceTimeU1 exponential(1.1s)
param **.CS.serviceTimeU2 exponential(1.4s)

vector 0 Pizza.EntryQueueU1 queueLength:vector ETV
attr interpolationmode sample-hold
attr title "queue length, vector"
vector 1 Pizza.CS queueLength:vector ETV
attr interpolationmode sample-hold
attr title "queue length, vector"
vector 2 Pizza.EntryQueueU2 queueLength:vector ETV
attr interpolationmode sample-hold
attr title "queue length, vector"
vector 3 Pizza.sink lifeTime:vector ETV
attr interpolationmode none
attr title "lifetime of arrived jobs, vector"
attr unit s
vector 4 Pizza.sink lifeTimeU1:vector ETV
attr interpolationmode none
attr title "lifetime of arrived jobs, vector"
attr unit s
vector 5 Pizza.sink lifeTimeU2:vector ETV
attr interpolationmode none
attr title "lifetime of arrived jobs, vector"
attr unit s
0	0	0	0
0	19	4.604882837312	1
0	22	5.455398938106	0
0	56	20.919726512052	1
0	57	21.912245520393	0
0	73	25.426295883307	1
0	74	25.786059708306	0
0	105	33.267396245715	1
0	106	33.928972148377	0
0	121	38.515788326418	1
0	123	41.260492640148	2
0	124	42.677026167419	1
0	131	43.175493221506	0
0	157	49.317100455871	1
0	160	51.137624109418	0
0	175	53.707107248555	1
0	179	55.794825040102	2
0	180	57.385533624945	1
0	186	57.390680950789	2
0	190	57.743023147026	3
0	191	57.878960383999	2
0	199	59.449643577809	1
0	204	59.580455002642	0
0	210	60.680103209859	1
0	216	63.309664908828	2
0	221	66.143831541237	1
0	226	66.706045937116	0
0	248	69.602853485245	1
0	251	70.464454633401	2
0	253	71.15060646269	1
0	260	71.601562861249	2
0	261	72.246492416037	1
0	266	72.318388340969	0
0	273	72.777819257843	1
0	275	73.794835609189	2
0	278	74.448611471393	1
0	284	76.340003615613	0
0	309	80.724388723113	1
0	311	81.17821530602	2
0	313	81.778394271036	1
0	319	81.804802818168	2
0	321	82.417906215872	3
0	325	86.381842311488	2
0	332	86.596428373217	3
0	333	87.0738774763	2
0	338	88.442943385579	1
0	343	90.309871656706	0
0	360	92.898342548877	1
0	362	93.830441326599	2
0	364	94.167931833023	3
0	366	94.342578339261	4
0	367	94.563555251652	3
0	372	94.961103056054	2
0	379	95.518569897086	3
0	381	95.607982678916	4
0	383	97.847566815553	3
0	389	98.153316762458	2
0	397	98.514089727826	3
0	398	98.565304206505	2
1	0	0	0
2	0	0	0
2	15	3.439887477329	1
2	17	3.480795646157	2
2	27	6.319251157937	1
2	34	9.190412306384	0
2	69	24.552059897924	1
2	80	26.824938937309	0
2	130	42.905000301865	1
2	136	43.83362503811	0
2	142	44.304617647818	1
2	143	44.489255248993	0
2	188	57.721824306245	1
2	198	58.622428376712	2
2	212	61.541864286466	3
2	214	63.107560484609	4
2	220	65.457733596002	5
2	231	67.86930358151	4
2	237	69.417459577175	3
2	242	69.495055874545	2
2	290	76.785623199819	1
2	295	77.039534846342	0
2	324	83.886465686073	1
2	349	92.057414753379	0
2	358	92.837071020794	1
2	395	98.321563473378	2
3	7	1.216599224106	0.908727748351
3	24	5.455398938106	2.640695402891
3	29	6.319251157937	1.714368320625
3	36	9.190412306384	5.750524829055
3	40	13.289940464242	9.809144818085
3	47	16.636404215361	0.220334136508
3	59	21.912245520393	3.213913310291
3	64	23.250553179821	2.330826667769
3	76	25.786059708306	2.00789207837
3	82	26.824938937309	1.398643054002
3	86	28.463956131028	3.911896233104
3	96	30.108370968918	0.521317678726
3	108	33.928972148377	1.920776861608
3	113	34.287113380546	1.019717134831
3	126	42.677026167419	5.684948891315
3	133	43.175493221506	4.659704895088
3	138	43.83362503811	2.573132397962
3	145	44.489255248993	1.584254947128
3	149	44.569850751417	0.265233103599
3	162	51.137624109418	6.104062381478
3	166	51.172579003856	1.855478547985
3	182	57.385533624945	3.764717528503
3	193	57.878960383999	4.171853135444
3	201	59.449643577809	3.654818537707
3	206	59.580455002642	2.189774051853
3	223	66.143831541237	8.400808394211
3	228	66.706045937116	6.025942727257
3	233	67.86930358151	4.559638672682
3	239	69.417459577175	11.69563527093
3	244	69.495055874545	10.872627497833
3	255	71.15060646269	9.608742176224
3	263	72.246492416037	2.643638930792
3	268	72.318388340969	1.853933707568
3	280	74.448611471393	2.847048610144
3	286	76.340003615613	3.56218435777
3	292	76.785623199819	2.99078759063
3	297	77.039534846342	13.931974361733
3	302	78.591424542229	13.133690946227
3	315	81.778394271036	1.398269485301
3	327	86.381842311488	5.657453588375
3	335	87.0738774763	5.89566217028
3	340	88.442943385579	6.638140567411
3	345	90.309871656706	7.891965440834
3	351	92.057414753379	5.460986380162
3	369	94.563555251652	10.677089565579
3	374	94.961103056054	2.062760507177
3	385	97.847566815553	4.017125488954
3	391	98.153316762458	3.985384929435
3	400	98.565304206505	4.222725867244
4	7	1.216599224106	0.908727748351
4	29	6.319251157937	1.714368320625
4	47	16.636404215361	0.220334136508
4	59	21.912245520393	3.213913310291
4	64	23.250553179821	2.330826667769
4	82	26.824938937309	1.398643054002
4	96	30.108370968918	0.521317678726
4	108	33.928972148377	1.920776861608
4	113	34.287113380546	1.019717134831
4	126	42.677026167419	5.684948891315
4	133	43.175493221506	4.659704895088
4	138	43.83362503811	2.573132397962
4	166	51.172579003856	1.855478547985
4	182	57.385533624945	3.764717528503
4	193	57.878960383999	4.171853135444
4	201	59.449643577809	3.654818537707
4	206	59.580455002642	2.189774051853
4	223	66.143831541237	8.400808394211
4	228	66.706045937116	6.025942727257
4	233	67.86930358151	4.559638672682
4	263	72.246492416037	2.643638930792
4	268	72.318388340969	1.853933707568
4	280	74.448611471393	2.847048610144
4	286	76.340003615613	3.56218435777
4	292	76.785623199819	2.99078759063
4	327	86.381842311488	5.657453588375
4	335	87.0738774763	5.89566217028
4	340	88.442943385579	6.638140567411
4	345	90.309871656706	7.891965440834
4	351	92.057414753379	5.460986380162
4	374	94.961103056054	2.062760507177
4	385	97.847566815553	4.017125488954
4	391	98.153316762458	3.985384929435
4	400	98.565304206505	4.222725867244
5	24	5.455398938106	2.640695402891
5	36	9.190412306384	5.750524829055
5	40	13.289940464242	9.809144818085
5	76	25.786059708306	2.00789207837
5	86	28.463956131028	3.911896233104
5	145	44.489255248993	1.584254947128
5	149	44.569850751417	0.265233103599
5	162	51.137624109418	6.104062381478
5	239	69.417459577175	11.69563527093
5	244	69.495055874545	10.872627497833
5	255	71.15060646269	9.608742176224
5	297	77.039534846342	13.931974361733
5	302	78.591424542229	13.133690946227
5	315	81.778394271036	1.398269485301
5	369	94.563555251652	10.677089565579

