version 2
run Second-n4-18-20191125-12:37:32-8960
attr configname Second-n4
attr datetime 20191125-12:37:32
attr experiment Second-n4
attr inifile omnetpp.ini
attr iterationvars ""
attr iterationvarsf ""
attr measurement ""
attr network org.omnetpp.queueing.Pizza
attr processid 8960
attr repetition 18
attr replication ""
attr resultdir results_no_transient
attr runnumber 18
attr seedset 18
param **.PS.maxInventoriedPS 4
param **.U1.interArrivalTime exponential(3s)
param **.U2.interArrivalTime exponential(5s)
param **.PS.serviceTimeForInventoryU1 exponential(1.0s)
param **.PS.serviceTimeForInventoryU2 exponential(1.2s)
param **.PS.serviceTimeDirectU1 exponential(1.4s)
param **.PS.serviceTimeDirectU2 exponential(1.4s)
param **.PS.probabilityProducing 0.7
param **.CS.serviceTimeU1 exponential(1.1s)
param **.CS.serviceTimeU2 exponential(1.4s)

vector 0 Pizza.EntryQueueU1 queueLength:vector ETV
attr interpolationmode sample-hold
attr title "queue length, vector"
vector 1 Pizza.CS queueLength:vector ETV
attr interpolationmode sample-hold
attr title "queue length, vector"
vector 2 Pizza.EntryQueueU2 queueLength:vector ETV
attr interpolationmode sample-hold
attr title "queue length, vector"
vector 3 Pizza.sink lifeTime:vector ETV
attr interpolationmode none
attr title "lifetime of arrived jobs, vector"
attr unit s
vector 4 Pizza.sink lifeTimeU2:vector ETV
attr interpolationmode none
attr title "lifetime of arrived jobs, vector"
attr unit s
vector 5 Pizza.sink lifeTimeU1:vector ETV
attr interpolationmode none
attr title "lifetime of arrived jobs, vector"
attr unit s
0	0	0	0
0	13	3.837040156412	1
0	15	3.871760488338	2
0	20	5.420969847661	1
0	28	7.162516673358	2
0	31	8.963422107919	1
0	35	10.192006838088	2
0	38	10.959047461217	1
0	45	12.89859860685	2
0	46	13.649753956257	1
0	52	14.82738764571	0
0	64	15.818306844759	1
0	65	15.944918282238	0
0	69	16.740810051293	1
0	71	18.398651938964	2
0	75	20.340882017905	3
0	76	20.35569631046	2
0	80	21.053035585511	3
0	85	23.077257255862	2
0	90	23.961826693225	1
0	96	25.726708520284	0
0	102	25.996423265276	1
0	107	26.564757365893	0
0	135	30.889007860037	1
0	137	30.997818426663	2
0	138	31.552089601766	1
0	143	31.614830707043	0
0	170	39.179745437636	1
0	172	39.616903977793	2
0	176	41.673901993477	3
0	179	44.829113920807	2
0	185	45.013759022248	3
0	192	47.016874783275	4
0	193	48.003621817471	3
0	200	48.876528218822	4
0	202	50.504227034224	5
0	203	50.606856785282	4
0	208	50.76719130959	3
0	217	52.666431797613	2
0	222	53.481252943916	1
0	230	53.7692268807	2
0	231	54.774236933838	1
0	236	54.850671748661	0
0	275	67.108854876435	1
0	276	68.918747108402	0
0	285	70.334077521952	1
0	286	70.366160575081	0
0	293	71.146453753808	1
0	294	71.21877729219	0
0	300	71.651989010269	1
0	301	72.332684855938	0
0	342	81.767706056217	1
0	345	82.647379793077	0
0	351	82.654215511304	1
0	354	84.225764667358	0
0	360	85.042561032322	1
0	361	85.173507100767	0
0	367	85.175258804803	1
0	370	85.763672781599	0
0	376	85.771786471411	1
0	378	86.371234378878	0
0	401	90.850044170644	1
0	407	95.440875123684	2
0	410	97.443491559258	3
0	411	98.267781484305	2
0	417	98.947837480815	1
0	423	99.142578273792	2
1	0	0	0
2	0	0	0
2	17	3.915843542956	1
2	24	6.699244472579	2
2	26	6.84281575701	3
2	58	15.637022807143	2
2	104	26.161953829631	3
2	112	27.263543131331	2
2	117	27.282767017642	1
2	126	29.240280801496	0
2	133	30.411285249218	1
2	149	31.63643962361	2
2	151	33.305162261402	1
2	155	33.652810094261	2
2	159	35.850233041519	1
2	163	36.929413269788	2
2	166	38.356565683057	1
2	174	39.718705000656	2
2	188	46.878887174209	3
2	190	46.956235907564	4
2	216	52.345219097376	5
2	228	53.737232853438	6
2	241	55.579668263661	5
2	247	57.193462612474	4
2	252	57.688817053547	3
2	261	61.646728914402	4
2	262	61.97314197022	3
2	267	64.499928575873	2
2	271	65.111676463573	3
2	282	69.383088785221	4
2	307	72.614659377501	5
2	309	72.658492937097	4
2	314	73.14082762324	3
2	319	73.614405985139	2
2	325	74.770036692933	3
2	328	75.886969220394	4
2	331	80.039755074793	3
2	336	80.220822656868	2
2	340	80.272564184333	3
2	369	85.327463692721	4
2	384	86.666437435879	3
2	390	86.856641761761	4
2	392	87.722809499264	3
2	397	87.94826451777	2
2	405	94.436257417379	3
3	7	1.469680944072	1.074406638259
3	22	5.420969847661	2.268293956501
3	33	8.963422107919	5.126381951507
3	40	10.959047461217	7.087286972879
3	48	13.649753956257	6.487237282899
3	54	14.82738764571	4.635380807622
3	60	15.637022807143	2.738424200293
3	67	15.944918282238	12.029074739282
3	78	20.35569631046	4.537389465701
3	87	23.077257255862	6.336447204569
3	92	23.961826693225	5.563174754261
3	98	25.726708520284	5.385826502379
3	109	26.564757365893	5.511721780382
3	114	27.263543131331	1.267119866055
3	119	27.282767017642	20.583522545063
3	128	29.240280801496	22.397465044486
3	140	31.552089601766	5.390135772135
3	145	31.614830707043	0.725822847006
3	153	33.305162261402	2.307343834739
3	161	35.850233041519	5.438947792301
3	168	38.356565683057	6.720126059447
3	181	44.829113920807	11.176303826546
3	195	48.003621817471	8.823876379835
3	205	50.606856785282	10.989952807489
3	210	50.76719130959	9.093289316113
3	219	52.666431797613	7.652672775365
3	224	53.481252943916	6.464378160641
3	233	54.774236933838	5.897708715016
3	238	54.850671748661	4.346444714437
3	243	55.579668263661	1.810441382961
3	249	57.193462612474	20.264049342686
3	254	57.688817053547	17.970112052891
3	264	61.97314197022	15.094254796011
3	269	64.499928575873	17.543692668309
3	278	68.918747108402	16.573528011026
3	288	70.366160575081	3.257305698646
3	296	71.21877729219	0.884699770238
3	303	72.332684855938	1.18623110213
3	311	72.658492937097	1.006503926828
3	316	73.14082762324	19.403594769802
3	321	73.614405985139	11.967677070737
3	333	80.039755074793	14.92807861122
3	338	80.220822656868	10.837733871647
3	347	82.647379793077	10.032720415576
3	356	84.225764667358	2.458058611141
3	363	85.173507100767	2.519291589463
3	372	85.763672781599	0.721111749277
3	380	86.371234378878	1.195975574075
3	386	86.666437435879	0.894650964468
3	394	87.722809499264	12.952772806331
3	399	87.94826451777	12.061295297376
3	413	98.267781484305	17.995217299972
3	419	98.947837480815	8.097793310171
4	7	1.469680944072	1.074406638259
4	67	15.944918282238	12.029074739282
4	119	27.282767017642	20.583522545063
4	128	29.240280801496	22.397465044486
4	140	31.552089601766	5.390135772135
4	161	35.850233041519	5.438947792301
4	168	38.356565683057	6.720126059447
4	181	44.829113920807	11.176303826546
4	249	57.193462612474	20.264049342686
4	254	57.688817053547	17.970112052891
4	264	61.97314197022	15.094254796011
4	269	64.499928575873	17.543692668309
4	278	68.918747108402	16.573528011026
4	316	73.14082762324	19.403594769802
4	321	73.614405985139	11.967677070737
4	333	80.039755074793	14.92807861122
4	338	80.220822656868	10.837733871647
4	347	82.647379793077	10.032720415576
4	394	87.722809499264	12.952772806331
4	399	87.94826451777	12.061295297376
4	413	98.267781484305	17.995217299972
5	22	5.420969847661	2.268293956501
5	33	8.963422107919	5.126381951507
5	40	10.959047461217	7.087286972879
5	48	13.649753956257	6.487237282899
5	54	14.82738764571	4.635380807622
5	60	15.637022807143	2.738424200293
5	78	20.35569631046	4.537389465701
5	87	23.077257255862	6.336447204569
5	92	23.961826693225	5.563174754261
5	98	25.726708520284	5.385826502379
5	109	26.564757365893	5.511721780382
5	114	27.263543131331	1.267119866055
5	145	31.614830707043	0.725822847006
5	153	33.305162261402	2.307343834739
5	195	48.003621817471	8.823876379835
5	205	50.606856785282	10.989952807489
5	210	50.76719130959	9.093289316113
5	219	52.666431797613	7.652672775365
5	224	53.481252943916	6.464378160641
5	233	54.774236933838	5.897708715016
5	238	54.850671748661	4.346444714437
5	243	55.579668263661	1.810441382961
5	288	70.366160575081	3.257305698646
5	296	71.21877729219	0.884699770238
5	303	72.332684855938	1.18623110213
5	311	72.658492937097	1.006503926828
5	356	84.225764667358	2.458058611141
5	363	85.173507100767	2.519291589463
5	372	85.763672781599	0.721111749277
5	380	86.371234378878	1.195975574075
5	386	86.666437435879	0.894650964468
5	419	98.947837480815	8.097793310171

