version 2
run Second-n2-10-20191125-12:37:06-1100
attr configname Second-n2
attr datetime 20191125-12:37:06
attr experiment Second-n2
attr inifile omnetpp.ini
attr iterationvars ""
attr iterationvarsf ""
attr measurement ""
attr network org.omnetpp.queueing.Pizza
attr processid 1100
attr repetition 10
attr replication ""
attr resultdir results_no_transient
attr runnumber 10
attr seedset 10
param **.PS.maxInventoriedPS 2
param **.U1.interArrivalTime exponential(3s)
param **.U2.interArrivalTime exponential(5s)
param **.PS.serviceTimeForInventoryU1 exponential(1.0s)
param **.PS.serviceTimeForInventoryU2 exponential(1.2s)
param **.PS.serviceTimeDirectU1 exponential(1.4s)
param **.PS.serviceTimeDirectU2 exponential(1.4s)
param **.PS.probabilityProducing 0.7
param **.CS.serviceTimeU1 exponential(1.1s)
param **.CS.serviceTimeU2 exponential(1.4s)

vector 0 Pizza.EntryQueueU1 queueLength:vector ETV
attr interpolationmode sample-hold
attr title "queue length, vector"
vector 1 Pizza.CS queueLength:vector ETV
attr interpolationmode sample-hold
attr title "queue length, vector"
vector 2 Pizza.EntryQueueU2 queueLength:vector ETV
attr interpolationmode sample-hold
attr title "queue length, vector"
vector 3 Pizza.sink lifeTime:vector ETV
attr interpolationmode none
attr title "lifetime of arrived jobs, vector"
attr unit s
vector 4 Pizza.sink lifeTimeU2:vector ETV
attr interpolationmode none
attr title "lifetime of arrived jobs, vector"
attr unit s
vector 5 Pizza.sink lifeTimeU1:vector ETV
attr interpolationmode none
attr title "lifetime of arrived jobs, vector"
attr unit s
0	0	0	0
0	10	4.426303334927	1
0	13	5.190193022171	2
0	14	5.226442253557	1
0	19	5.565963103578	0
0	28	5.852368194736	1
0	35	8.270382894642	0
0	43	9.321344875805	1
0	45	9.414630265741	2
0	48	10.318267787685	1
0	52	13.252393413152	2
0	55	13.970900553774	1
0	62	15.587730492576	2
0	64	16.725008943626	1
0	69	17.351113464247	0
0	82	18.951534058602	1
0	84	18.987108245275	2
0	85	19.189286547838	1
0	90	19.632906490464	0
0	111	21.199328183423	1
0	118	24.152130854766	2
0	120	24.817617375866	3
0	121	25.005449644874	2
0	126	25.482111187317	1
0	131	26.483402308796	0
0	137	29.186223772872	1
0	142	30.367626345407	2
0	145	30.789867756084	3
0	146	31.458040973766	2
0	151	31.991204509479	1
0	158	32.621865692452	0
0	176	36.340919291081	1
0	177	36.942066111104	0
0	192	37.739049492387	1
0	195	38.399535064559	0
0	206	38.832565717365	1
0	208	39.39857423323	0
0	222	40.099415665934	1
0	223	40.861663133184	0
0	254	50.607665201865	1
0	256	50.608482897399	2
0	257	50.794895709672	1
0	262	51.316203685759	0
0	301	65.853039274504	1
0	302	66.294259482028	0
0	324	75.68261931991	1
0	326	75.771460564432	2
0	327	76.260175265142	1
0	333	76.513700209586	0
0	349	79.129132655272	1
0	351	79.986053035148	2
0	353	81.350168636359	3
0	356	81.60042366876	2
0	361	81.724760911046	1
0	368	82.024230909982	0
0	372	82.538840583624	1
0	380	85.274658718446	2
0	382	85.733873495733	1
0	388	87.043579282822	0
0	394	87.463121842715	1
0	397	88.733866157984	2
0	399	88.937090221352	3
0	400	89.853018151348	2
0	405	90.015568657076	1
0	413	91.446410775936	2
0	417	93.999527652109	3
0	418	94.229887605112	2
0	426	96.796103757412	1
0	431	98.153411449276	0
0	437	98.706676456486	1
0	439	99.061064763718	0
1	0	0	0
2	0	0	0
2	5	1.879385144195	1
2	24	5.667699862236	0
2	32	6.900191601093	1
2	34	6.919972012598	2
2	39	8.967876719376	3
2	74	17.717945928584	2
2	95	19.737203636632	1
2	101	20.041504732898	2
2	103	20.478698342862	1
2	107	20.646608130194	2
2	109	20.886766066698	3
2	115	23.785746512681	4
2	157	32.339972239391	5
2	165	35.162836027785	4
2	170	35.871391362217	3
2	183	36.986147634378	2
2	188	37.720943816598	1
2	200	38.665748198614	0
2	274	54.300549972465	1
2	278	56.375914373372	2
2	279	56.607255920506	1
2	285	57.189056641832	0
2	340	77.036246070934	1
2	342	77.353961830748	2
2	344	78.339530794716	3
2	345	78.558277353751	2
2	367	81.797579454713	3
2	377	84.969945663908	4
2	411	90.149149120609	5
2	415	92.277671815488	6
2	425	96.587445169389	7
2	445	99.698089952501	6
3	16	5.226442253557	3.451908580821
3	21	5.565963103578	1.139659768651
3	26	5.667699862236	0.477506840065
3	37	8.270382894642	6.390997750447
3	50	10.318267787685	4.465899592949
3	57	13.970900553774	4.649555677969
3	66	16.725008943626	7.310378677885
3	71	17.351113464247	4.098720051095
3	76	17.717945928584	2.130215436008
3	87	19.189286547838	12.289094946745
3	92	19.632906490464	0.681372431862
3	97	19.737203636632	0.750095391357
3	105	20.478698342862	13.558726330264
3	123	25.005449644874	16.037572925498
3	128	25.482111187317	4.282783003894
3	133	26.483402308796	2.33127145403
3	148	31.458040973766	6.6404235979
3	153	31.991204509479	2.804980736607
3	160	32.621865692452	2.254239347045
3	167	35.162836027785	4.372968271701
3	172	35.871391362217	15.829886629319
3	179	36.942066111104	16.29545798091
3	185	36.986147634378	0.645228343297
3	190	37.720943816598	16.8341777499
3	197	38.399535064559	14.613788551878
3	202	38.665748198614	0.926698706227
3	210	39.39857423323	7.058601993839
3	215	39.86627099671	1.033705279345
3	225	40.861663133184	0.894408331793
3	229	41.337147148632	1.237731482698
3	239	45.423534634678	1.001986624423
3	247	50.354345576985	0.776650228069
3	259	50.794895709672	0.304889198283
3	264	51.316203685759	0.708538483894
3	268	52.385298103119	1.77681520572
3	281	56.607255920506	3.552298426253
3	287	57.189056641832	2.888506669367
3	291	58.352457362304	1.976542988932
3	304	66.294259482028	1.675329553161
3	309	67.697663519318	1.844624244814
3	317	70.568088009237	0.911084393593
3	329	76.260175265142	1.005374800592
3	335	76.513700209586	0.831080889676
3	347	78.558277353751	2.786816789319
3	358	81.60042366876	4.564177597826
3	363	81.724760911046	2.595628255774
3	370	82.024230909982	2.038177874834
3	384	85.733873495733	4.383704859374
3	390	87.043579282822	4.504738699198
3	402	89.853018151348	4.578359432902
3	407	90.015568657076	2.552446814361
3	420	94.229887605112	5.496021447128
3	428	96.796103757412	7.85901353606
3	433	98.153411449276	6.70700067334
3	441	99.061064763718	5.061537111609
3	447	99.698089952501	0.991413496015
4	16	5.226442253557	3.451908580821
4	37	8.270382894642	6.390997750447
4	87	19.189286547838	12.289094946745
4	105	20.478698342862	13.558726330264
4	123	25.005449644874	16.037572925498
4	172	35.871391362217	15.829886629319
4	179	36.942066111104	16.29545798091
4	190	37.720943816598	16.8341777499
4	197	38.399535064559	14.613788551878
4	210	39.39857423323	7.058601993839
4	287	57.189056641832	2.888506669367
4	291	58.352457362304	1.976542988932
4	329	76.260175265142	1.005374800592
4	358	81.60042366876	4.564177597826
5	21	5.565963103578	1.139659768651
5	26	5.667699862236	0.477506840065
5	50	10.318267787685	4.465899592949
5	57	13.970900553774	4.649555677969
5	66	16.725008943626	7.310378677885
5	71	17.351113464247	4.098720051095
5	76	17.717945928584	2.130215436008
5	92	19.632906490464	0.681372431862
5	97	19.737203636632	0.750095391357
5	128	25.482111187317	4.282783003894
5	133	26.483402308796	2.33127145403
5	148	31.458040973766	6.6404235979
5	153	31.991204509479	2.804980736607
5	160	32.621865692452	2.254239347045
5	167	35.162836027785	4.372968271701
5	185	36.986147634378	0.645228343297
5	202	38.665748198614	0.926698706227
5	215	39.86627099671	1.033705279345
5	225	40.861663133184	0.894408331793
5	229	41.337147148632	1.237731482698
5	239	45.423534634678	1.001986624423
5	247	50.354345576985	0.776650228069
5	259	50.794895709672	0.304889198283
5	264	51.316203685759	0.708538483894
5	268	52.385298103119	1.77681520572
5	281	56.607255920506	3.552298426253
5	304	66.294259482028	1.675329553161
5	309	67.697663519318	1.844624244814
5	317	70.568088009237	0.911084393593
5	335	76.513700209586	0.831080889676
5	347	78.558277353751	2.786816789319
5	363	81.724760911046	2.595628255774
5	370	82.024230909982	2.038177874834
5	384	85.733873495733	4.383704859374
5	390	87.043579282822	4.504738699198
5	402	89.853018151348	4.578359432902
5	407	90.015568657076	2.552446814361
5	420	94.229887605112	5.496021447128
5	428	96.796103757412	7.85901353606
5	433	98.153411449276	6.70700067334
5	441	99.061064763718	5.061537111609
5	447	99.698089952501	0.991413496015

