version 2
run Second-n2-0-20191125-12:36:53-6024
attr configname Second-n2
attr datetime 20191125-12:36:53
attr experiment Second-n2
attr inifile omnetpp.ini
attr iterationvars ""
attr iterationvarsf ""
attr measurement ""
attr network org.omnetpp.queueing.Pizza
attr processid 6024
attr repetition 0
attr replication ""
attr resultdir results_no_transient
attr runnumber 0
attr seedset 0
param **.PS.maxInventoriedPS 2
param **.U1.interArrivalTime exponential(3s)
param **.U2.interArrivalTime exponential(5s)
param **.PS.serviceTimeForInventoryU1 exponential(1.0s)
param **.PS.serviceTimeForInventoryU2 exponential(1.2s)
param **.PS.serviceTimeDirectU1 exponential(1.4s)
param **.PS.serviceTimeDirectU2 exponential(1.4s)
param **.PS.probabilityProducing 0.7
param **.CS.serviceTimeU1 exponential(1.1s)
param **.CS.serviceTimeU2 exponential(1.4s)

vector 0 Pizza.EntryQueueU1 queueLength:vector ETV
attr interpolationmode sample-hold
attr title "queue length, vector"
vector 1 Pizza.CS queueLength:vector ETV
attr interpolationmode sample-hold
attr title "queue length, vector"
vector 2 Pizza.EntryQueueU2 queueLength:vector ETV
attr interpolationmode sample-hold
attr title "queue length, vector"
vector 3 Pizza.sink lifeTime:vector ETV
attr interpolationmode none
attr title "lifetime of arrived jobs, vector"
attr unit s
vector 4 Pizza.sink lifeTimeU1:vector ETV
attr interpolationmode none
attr title "lifetime of arrived jobs, vector"
attr unit s
vector 5 Pizza.sink lifeTimeU2:vector ETV
attr interpolationmode none
attr title "lifetime of arrived jobs, vector"
attr unit s
0	0	0	0
0	10	6.155415787839	1
0	12	7.057929870225	0
0	32	9.269893689831	1
0	36	12.746473319963	0
0	49	14.695001482656	1
0	52	15.519986821451	0
0	72	20.815944256482	1
0	73	23.123257786514	0
0	89	26.001879353221	1
0	90	26.548857499849	0
0	99	26.734024825431	1
0	102	27.470220765822	0
0	110	29.618167642628	1
0	111	30.073240784308	0
0	121	31.411405873083	1
0	123	33.255952845244	0
0	136	34.587908267546	1
0	137	35.054183460407	0
0	149	35.767245939458	1
0	150	35.839929353712	0
0	179	41.2229344137	1
0	182	41.291779612035	0
0	188	41.669071221456	1
0	189	41.797794965549	0
0	196	44.927879364091	1
0	198	45.230983690018	2
0	199	45.278871413924	1
0	204	45.974441669959	0
0	239	55.951748807051	1
0	243	58.45027935525	2
0	244	58.838112748006	1
0	250	59.375523875543	2
0	253	59.671474800798	3
0	255	59.931786247817	4
0	257	61.572253340681	3
0	264	62.783183841781	2
0	269	64.808594560417	1
0	274	65.031180042841	0
0	299	67.879554033846	1
0	303	68.900594248552	2
0	304	68.954178976055	1
0	311	72.646036064463	0
0	317	73.133667476435	1
0	320	73.899604824349	0
0	326	74.911539558792	1
0	327	75.22206724832	0
0	331	75.282119500878	1
0	334	76.271816057434	0
0	345	79.652575176571	1
0	350	83.05795921396	0
0	391	91.522234890977	1
0	392	92.124870915342	0
0	404	94.203422125894	1
0	408	95.364812402341	2
0	409	95.560417812648	1
0	414	95.672970488986	0
1	0	0	0
2	0	0	0
2	5	4.49280194242	1
2	17	7.122153006227	0
2	35	12.37833043588	1
2	41	12.768941467202	0
2	47	14.436220417093	1
2	51	15.192374685418	2
2	59	17.285750334219	1
2	66	19.071069117332	0
2	87	25.396835764977	1
2	95	26.56972292597	0
2	106	28.442247880892	1
2	117	30.885033127432	2
2	129	33.743697276727	1
2	143	35.689240202294	0
2	181	41.225151392846	1
2	210	47.993385047218	0
2	217	48.758328059209	1
2	218	48.809414791632	0
2	222	49.398611885765	1
2	226	51.066624975488	0
2	230	51.154492332672	1
2	232	53.828914211456	2
2	235	54.382710678605	1
2	279	65.763603920075	0
2	285	66.348473126882	1
2	287	66.372005829344	2
2	288	66.410027174537	1
2	293	66.850637499733	0
2	297	67.163713360497	1
2	319	73.807502729248	2
2	338	76.789399700896	3
2	341	78.260523607662	2
2	357	84.19403592567	1
2	362	85.095782517322	0
3	14	7.057929870225	4.670306356528
3	19	7.122153006227	0.966737218388
3	24	7.799195953155	3.306394010735
3	38	12.746473319963	3.637555720189
3	43	12.768941467202	3.499047777371
3	54	15.519986821451	3.141656385571
3	61	17.285750334219	2.590748851563
3	68	19.071069117332	4.634848700239
3	75	23.123257786514	7.930883101096
3	80	23.712380078765	2.896435822283
3	92	26.548857499849	1.468819203086
3	97	26.56972292597	0.567843572749
3	104	27.470220765822	2.073385000845
3	113	30.073240784308	3.339215958877
3	125	33.255952845244	3.637785202616
3	131	33.743697276727	2.332291403644
3	139	35.054183460407	6.611935579515
3	145	35.689240202294	1.101331934748
3	152	35.839929353712	4.95489622628
3	156	36.03343425368	0.266188314222
3	164	38.153603084679	1.288030959962
3	171	39.131165381276	0.190440201761
3	184	41.291779612035	0.419711427712
3	191	41.797794965549	0.574860551849
3	201	45.278871413924	3.609800192468
3	206	45.974441669959	1.046562305868
3	212	47.993385047218	2.7624013572
3	220	48.809414791632	7.584263398786
3	228	51.066624975488	2.308296916279
3	237	54.382710678605	4.98409879284
3	246	58.838112748006	7.683620415334
3	259	61.572253340681	5.62050453363
3	266	62.783183841781	4.332904486531
3	271	64.808594560417	5.433070684874
3	276	65.031180042841	5.359705242043
3	281	65.763603920075	5.831817672258
3	290	66.410027174537	12.581112963081
3	295	66.850637499733	0.502164372851
3	306	68.954178976055	2.582173146711
3	313	72.646036064463	4.766482030617
3	322	73.899604824349	4.999010575797
3	329	75.22206724832	2.088399771885
3	336	76.271816057434	1.360276498642
3	343	78.260523607662	2.978404106784
3	352	83.05795921396	15.894245853463
3	359	84.19403592567	4.541460749099
3	364	85.095782517322	11.288279788074
3	368	85.625412313427	8.836012612531
3	375	89.427584433931	1.990687752695
3	382	90.361643712805	0.615957177081
3	394	92.124870915342	0.92827731985
3	398	92.162494675536	0.640259784559
3	411	95.560417812648	1.828303545093
3	416	95.672970488986	1.469548363092
3	420	98.120376611934	2.755564209593
4	14	7.057929870225	4.670306356528
4	19	7.122153006227	0.966737218388
4	43	12.768941467202	3.499047777371
4	61	17.285750334219	2.590748851563
4	80	23.712380078765	2.896435822283
4	92	26.548857499849	1.468819203086
4	97	26.56972292597	0.567843572749
4	113	30.073240784308	3.339215958877
4	125	33.255952845244	3.637785202616
4	131	33.743697276727	2.332291403644
4	145	35.689240202294	1.101331934748
4	156	36.03343425368	0.266188314222
4	171	39.131165381276	0.190440201761
4	184	41.291779612035	0.419711427712
4	191	41.797794965549	0.574860551849
4	201	45.278871413924	3.609800192468
4	206	45.974441669959	1.046562305868
4	212	47.993385047218	2.7624013572
4	259	61.572253340681	5.62050453363
4	266	62.783183841781	4.332904486531
4	271	64.808594560417	5.433070684874
4	276	65.031180042841	5.359705242043
4	281	65.763603920075	5.831817672258
4	313	72.646036064463	4.766482030617
4	322	73.899604824349	4.999010575797
4	329	75.22206724832	2.088399771885
4	336	76.271816057434	1.360276498642
4	343	78.260523607662	2.978404106784
4	359	84.19403592567	4.541460749099
4	382	90.361643712805	0.615957177081
4	394	92.124870915342	0.92827731985
4	398	92.162494675536	0.640259784559
4	416	95.672970488986	1.469548363092
4	420	98.120376611934	2.755564209593
5	24	7.799195953155	3.306394010735
5	38	12.746473319963	3.637555720189
5	54	15.519986821451	3.141656385571
5	68	19.071069117332	4.634848700239
5	75	23.123257786514	7.930883101096
5	104	27.470220765822	2.073385000845
5	139	35.054183460407	6.611935579515
5	152	35.839929353712	4.95489622628
5	164	38.153603084679	1.288030959962
5	220	48.809414791632	7.584263398786
5	228	51.066624975488	2.308296916279
5	237	54.382710678605	4.98409879284
5	246	58.838112748006	7.683620415334
5	290	66.410027174537	12.581112963081
5	295	66.850637499733	0.502164372851
5	306	68.954178976055	2.582173146711
5	352	83.05795921396	15.894245853463
5	364	85.095782517322	11.288279788074
5	368	85.625412313427	8.836012612531
5	375	89.427584433931	1.990687752695
5	411	95.560417812648	1.828303545093

