version 2
run Second-n4-2-20191125-12:37:15-10192
attr configname Second-n4
attr datetime 20191125-12:37:15
attr experiment Second-n4
attr inifile omnetpp.ini
attr iterationvars ""
attr iterationvarsf ""
attr measurement ""
attr network org.omnetpp.queueing.Pizza
attr processid 10192
attr repetition 2
attr replication ""
attr resultdir results_no_transient
attr runnumber 2
attr seedset 2
param **.PS.maxInventoriedPS 4
param **.U1.interArrivalTime exponential(3s)
param **.U2.interArrivalTime exponential(5s)
param **.PS.serviceTimeForInventoryU1 exponential(1.0s)
param **.PS.serviceTimeForInventoryU2 exponential(1.2s)
param **.PS.serviceTimeDirectU1 exponential(1.4s)
param **.PS.serviceTimeDirectU2 exponential(1.4s)
param **.PS.probabilityProducing 0.7
param **.CS.serviceTimeU1 exponential(1.1s)
param **.CS.serviceTimeU2 exponential(1.4s)

vector 0 Pizza.EntryQueueU1 queueLength:vector ETV
attr interpolationmode sample-hold
attr title "queue length, vector"
vector 1 Pizza.CS queueLength:vector ETV
attr interpolationmode sample-hold
attr title "queue length, vector"
vector 2 Pizza.EntryQueueU2 queueLength:vector ETV
attr interpolationmode sample-hold
attr title "queue length, vector"
vector 3 Pizza.sink lifeTime:vector ETV
attr interpolationmode none
attr title "lifetime of arrived jobs, vector"
attr unit s
vector 4 Pizza.sink lifeTimeU2:vector ETV
attr interpolationmode none
attr title "lifetime of arrived jobs, vector"
attr unit s
vector 5 Pizza.sink lifeTimeU1:vector ETV
attr interpolationmode none
attr title "lifetime of arrived jobs, vector"
attr unit s
0	0	0	0
0	7	1.718075968882	1
0	13	5.540971110126	0
0	38	10.572109086914	1
0	41	11.469341677053	2
0	44	12.338075893448	1
0	49	12.429371851505	0
0	68	13.922410977845	1
0	70	14.431988715574	0
0	76	14.691007718191	1
0	81	15.379211545418	0
0	89	15.982554813814	1
0	90	16.105043778541	0
0	96	18.093582354327	1
0	100	19.36397459778	0
0	129	32.176241356729	1
0	133	33.137573157981	2
0	134	33.718180044228	1
0	141	34.220051223772	0
0	157	38.185832335534	1
0	168	43.45968927545	0
0	180	46.686330936432	1
0	181	46.777311655235	0
0	190	48.433053705687	1
0	193	49.15137442903	0
0	199	49.335334371247	1
0	202	51.11365551856	0
0	240	57.168652698429	1
0	241	57.851551799173	0
0	256	59.570702246484	1
0	260	62.573373225744	0
0	267	63.593515412114	1
0	270	64.898372607164	0
0	304	69.297623434916	1
0	305	69.554690347728	0
0	323	74.099364037943	1
0	325	76.344031383716	0
0	348	80.900261505015	1
0	350	80.931170309069	2
0	352	80.931541084512	3
0	355	81.543620245043	2
0	363	81.771734597838	1
0	370	83.461499508061	0
0	381	83.909110984891	1
0	383	84.875674257629	2
0	389	86.101996138588	1
0	395	87.235977583928	0
0	441	98.27443211541	1
0	443	98.478188543657	2
0	445	98.762341856967	3
0	447	98.895769050587	4
0	448	99.919799391981	3
1	0	0	0
2	0	0	0
2	5	1.154680605615	1
2	11	5.143470225116	2
2	18	6.603205211783	1
2	24	7.075728570225	2
2	25	7.216616805748	1
2	32	10.183927683578	0
2	43	12.084123848813	1
2	54	12.81703880589	0
2	78	14.699524474949	1
2	87	15.618076966186	2
2	105	20.126454897295	1
2	113	23.495427570238	2
2	115	24.99240069743	3
2	116	27.127335929625	2
2	120	27.781514865832	3
2	124	30.651649061127	4
2	125	31.54434813546	3
2	140	33.805727886101	4
2	146	34.793524245748	3
2	151	35.540658490042	2
2	163	42.460497783351	3
2	167	43.387481860437	4
2	174	45.03839885424	3
2	187	47.099871536171	4
2	192	49.054291074875	5
2	207	51.128068605235	4
2	212	51.463287696929	3
2	219	52.686766849783	2
2	225	53.31667646934	3
2	226	53.666181190217	2
2	233	55.767899399673	3
2	234	57.108715718173	2
2	246	58.31180941927	1
2	252	58.837925729642	0
2	269	64.521985373929	1
2	276	65.733927838551	0
2	309	69.937865459197	1
2	313	72.847375032563	0
2	321	73.981098663811	1
2	330	77.083128754228	0
2	346	79.898952243592	1
2	354	81.095109666753	2
2	361	81.582601991026	3
2	375	83.490911807172	2
2	385	85.199182257062	3
2	388	85.983681616053	4
2	403	89.481455669366	3
2	409	89.503828858757	4
2	410	90.84818147937	3
2	415	90.892626132746	2
2	422	91.997754955871	1
2	427	92.041248897756	0
3	15	5.540971110126	4.517631688744
3	20	6.603205211783	4.885129242901
3	27	7.216616805748	6.061936200133
3	34	10.183927683578	5.040457458462
3	46	12.338075893448	5.262347323223
3	51	12.429371851505	1.857262764591
3	56	12.81703880589	1.347697128837
3	60	13.084483814139	1.000359965326
3	72	14.431988715574	0.917586688609
3	83	15.379211545418	1.456800567573
3	92	16.105043778541	1.41403606035
3	102	19.36397459778	3.381419783966
3	107	20.126454897295	2.032872542968
3	118	27.127335929625	12.427811454676
3	127	31.54434813546	15.926271169274
3	136	33.718180044228	10.22275247399
3	143	34.220051223772	2.043809867043
3	148	34.793524245748	1.655951087767
3	153	35.540658490042	10.548257792612
3	170	43.45968927545	15.678174409618
3	176	45.03839885424	6.852566518706
3	183	46.777311655235	16.125662594108
3	195	49.15137442903	2.465043492598
3	204	51.11365551856	2.680601812873
3	209	51.128068605235	1.792734233988
3	214	51.463287696929	17.657559810828
3	221	52.686766849783	10.226269066432
3	228	53.666181190217	10.27869932978
3	236	57.108715718173	10.008844182002
3	243	57.851551799173	8.797260724298
3	248	58.31180941927	1.143156720841
3	254	58.837925729642	5.521249260302
3	262	62.573373225744	6.805473826071
3	272	64.898372607164	5.32767036068
3	278	65.733927838551	2.140412426437
3	282	65.93527233666	1.413286962731
3	290	67.806191239566	1.519559562319
3	297	68.504744821066	0.274489808138
3	307	69.554690347728	0.986364953798
3	315	72.847375032563	3.549751597647
3	327	76.344031383716	6.406165924519
3	332	77.083128754228	2.983764716285
3	336	77.791891893742	3.810793229931
3	357	81.543620245043	2.677496286919
3	365	81.771734597838	0.871473092823
3	372	83.461499508061	2.530329198992
3	377	83.490911807172	2.55937072266
3	391	86.101996138588	6.203043894996
3	397	87.235977583928	3.326866599037
3	405	89.481455669366	4.605781411737
3	412	90.84818147937	9.753071812617
3	417	90.892626132746	9.31002414172
3	424	91.997754955871	6.798572698809
3	429	92.041248897756	6.057567281703
3	434	92.734608577674	3.230779718917
3	450	99.919799391981	2.396565771811
4	15	5.540971110126	4.517631688744
4	27	7.216616805748	6.061936200133
4	34	10.183927683578	5.040457458462
4	46	12.338075893448	5.262347323223
4	60	13.084483814139	1.000359965326
4	118	27.127335929625	12.427811454676
4	127	31.54434813546	15.926271169274
4	136	33.718180044228	10.22275247399
4	153	35.540658490042	10.548257792612
4	170	43.45968927545	15.678174409618
4	183	46.777311655235	16.125662594108
4	214	51.463287696929	17.657559810828
4	221	52.686766849783	10.226269066432
4	228	53.666181190217	10.27869932978
4	236	57.108715718173	10.008844182002
4	243	57.851551799173	8.797260724298
4	254	58.837925729642	5.521249260302
4	262	62.573373225744	6.805473826071
4	282	65.93527233666	1.413286962731
4	327	76.344031383716	6.406165924519
4	336	77.791891893742	3.810793229931
4	357	81.543620245043	2.677496286919
4	391	86.101996138588	6.203043894996
4	412	90.84818147937	9.753071812617
4	417	90.892626132746	9.31002414172
4	424	91.997754955871	6.798572698809
4	429	92.041248897756	6.057567281703
4	434	92.734608577674	3.230779718917
4	450	99.919799391981	2.396565771811
5	20	6.603205211783	4.885129242901
5	51	12.429371851505	1.857262764591
5	56	12.81703880589	1.347697128837
5	72	14.431988715574	0.917586688609
5	83	15.379211545418	1.456800567573
5	92	16.105043778541	1.41403606035
5	102	19.36397459778	3.381419783966
5	107	20.126454897295	2.032872542968
5	143	34.220051223772	2.043809867043
5	148	34.793524245748	1.655951087767
5	176	45.03839885424	6.852566518706
5	195	49.15137442903	2.465043492598
5	204	51.11365551856	2.680601812873
5	209	51.128068605235	1.792734233988
5	248	58.31180941927	1.143156720841
5	272	64.898372607164	5.32767036068
5	278	65.733927838551	2.140412426437
5	290	67.806191239566	1.519559562319
5	297	68.504744821066	0.274489808138
5	307	69.554690347728	0.986364953798
5	315	72.847375032563	3.549751597647
5	332	77.083128754228	2.983764716285
5	365	81.771734597838	0.871473092823
5	372	83.461499508061	2.530329198992
5	377	83.490911807172	2.55937072266
5	397	87.235977583928	3.326866599037
5	405	89.481455669366	4.605781411737

