version 2
run Second-n5-9-20191125-12:37:32-6400
attr configname Second-n5
attr datetime 20191125-12:37:32
attr experiment Second-n5
attr inifile omnetpp.ini
attr iterationvars ""
attr iterationvarsf ""
attr measurement ""
attr network org.omnetpp.queueing.Pizza
attr processid 6400
attr repetition 9
attr replication ""
attr resultdir results_no_transient
attr runnumber 9
attr seedset 9
param **.PS.maxInventoriedPS 5
param **.U1.interArrivalTime exponential(3s)
param **.U2.interArrivalTime exponential(5s)
param **.PS.serviceTimeForInventoryU1 exponential(1.0s)
param **.PS.serviceTimeForInventoryU2 exponential(1.2s)
param **.PS.serviceTimeDirectU1 exponential(1.4s)
param **.PS.serviceTimeDirectU2 exponential(1.4s)
param **.PS.probabilityProducing 0.7
param **.CS.serviceTimeU1 exponential(1.1s)
param **.CS.serviceTimeU2 exponential(1.4s)

vector 0 Pizza.EntryQueueU1 queueLength:vector ETV
attr interpolationmode sample-hold
attr title "queue length, vector"
vector 1 Pizza.CS queueLength:vector ETV
attr interpolationmode sample-hold
attr title "queue length, vector"
vector 2 Pizza.EntryQueueU2 queueLength:vector ETV
attr interpolationmode sample-hold
attr title "queue length, vector"
vector 3 Pizza.sink lifeTime:vector ETV
attr interpolationmode none
attr title "lifetime of arrived jobs, vector"
attr unit s
vector 4 Pizza.sink lifeTimeU1:vector ETV
attr interpolationmode none
attr title "lifetime of arrived jobs, vector"
attr unit s
vector 5 Pizza.sink lifeTimeU2:vector ETV
attr interpolationmode none
attr title "lifetime of arrived jobs, vector"
attr unit s
0	0	0	0
0	20	2.569630456354	1
0	21	2.588265067867	0
0	32	3.11699001608	1
0	33	3.158751378979	0
0	79	25.721771339875	1
0	80	26.419191560364	0
0	92	29.044403001965	1
0	93	30.680547547454	0
0	115	34.930749364046	1
0	116	36.725432045687	0
0	153	59.484787447222	1
0	158	60.238118516148	0
0	164	60.306551666239	1
0	165	60.318047481787	0
0	174	61.612393556739	1
0	175	62.563297791922	0
0	190	66.144040448649	1
0	192	67.403365020611	2
0	194	67.417087896812	3
0	202	69.178654840861	4
0	203	69.97289571545	3
0	208	70.241474528932	2
0	214	70.334562823972	3
0	219	72.110965701713	2
0	224	72.119961937264	1
0	231	73.579818278428	0
0	238	74.252420176373	1
0	240	75.016487736677	2
0	246	77.457521961231	3
0	247	77.466695646217	2
0	253	78.390591462497	1
0	258	79.243758553636	0
0	272	80.320531639292	1
0	274	81.007201701016	0
0	293	85.753316023103	1
0	294	87.935543087214	0
0	312	92.670072109272	1
0	315	93.776459559501	0
0	321	93.800060553595	1
0	323	94.523825101695	0
1	0	0	0
2	0	0	0
2	18	2.26640931194	1
2	26	3.103424685412	0
2	45	6.40992701819	1
2	50	8.914943241824	0
2	76	22.645201135132	1
2	86	28.692593880689	0
2	151	58.618371243976	1
2	155	59.547197139965	2
2	180	62.58874349779	1
2	186	65.858855670286	0
2	196	67.459908709749	1
2	200	68.687350372649	2
2	218	71.362483704377	3
2	242	75.746610092871	4
2	244	76.493573581458	5
2	264	79.607311579807	4
2	279	81.994311801919	3
2	286	82.420166235105	2
2	301	89.962723852882	1
2	306	91.962930313969	0
2	314	92.968523024724	1
2	331	97.090418690215	0
3	8	1.15729912632	1.126014091859
3	23	2.588265067867	0.46626978174
3	28	3.103424685412	0.533794229058
3	35	3.158751378979	0.892342067039
3	39	4.094201218555	0.977211202475
3	52	8.914943241824	3.235969163992
3	56	10.343576917504	3.933649899314
3	66	13.524971182256	0.090902245096
3	82	26.419191560364	4.949228735245
3	88	28.692593880689	2.970822540814
3	95	30.680547547454	8.035346412322
3	100	31.365576322362	2.321173320397
3	108	32.639667555488	0.990903608457
3	118	36.725432045687	2.247703127821
3	122	38.005510915625	3.074761551579
3	131	42.416688066288	0.056355956511
3	139	47.598531330176	1.117886244732
3	146	56.507552619214	1.182528298545
3	160	60.238118516148	1.816419655532
3	167	60.318047481787	0.833260034565
3	177	62.563297791922	2.256746125683
3	182	62.58874349779	0.976349941051
3	188	65.858855670286	7.24048442631
3	205	69.97289571545	10.425698575485
3	210	70.241474528932	4.097434080283
3	221	72.110965701713	4.707600681102
3	226	72.119961937264	4.702874040452
3	233	73.579818278428	4.401163437567
3	249	77.466695646217	7.132132822245
3	255	78.390591462497	4.138171286124
3	260	79.243758553636	4.227270816959
3	266	79.607311579807	2.149789618576
3	276	81.007201701016	13.547292991267
3	281	81.994311801919	1.673780162627
3	288	82.420166235105	13.732815862456
3	296	87.935543087214	16.573059382837
3	303	89.962723852882	4.209407829779
3	308	91.962930313969	16.216320221098
3	317	93.776459559501	17.282885978043
3	325	94.523825101695	1.853752992423
3	333	97.090418690215	3.29035813662
3	337	98.273324403868	5.304801379144
4	8	1.15729912632	1.126014091859
4	23	2.588265067867	0.46626978174
4	28	3.103424685412	0.533794229058
4	39	4.094201218555	0.977211202475
4	66	13.524971182256	0.090902245096
4	88	28.692593880689	2.970822540814
4	100	31.365576322362	2.321173320397
4	108	32.639667555488	0.990903608457
4	118	36.725432045687	2.247703127821
4	122	38.005510915625	3.074761551579
4	139	47.598531330176	1.117886244732
4	167	60.318047481787	0.833260034565
4	177	62.563297791922	2.256746125683
4	182	62.58874349779	0.976349941051
4	210	70.241474528932	4.097434080283
4	221	72.110965701713	4.707600681102
4	226	72.119961937264	4.702874040452
4	233	73.579818278428	4.401163437567
4	249	77.466695646217	7.132132822245
4	255	78.390591462497	4.138171286124
4	260	79.243758553636	4.227270816959
4	266	79.607311579807	2.149789618576
4	281	81.994311801919	1.673780162627
4	303	89.962723852882	4.209407829779
4	325	94.523825101695	1.853752992423
4	333	97.090418690215	3.29035813662
5	35	3.158751378979	0.892342067039
5	52	8.914943241824	3.235969163992
5	56	10.343576917504	3.933649899314
5	82	26.419191560364	4.949228735245
5	95	30.680547547454	8.035346412322
5	131	42.416688066288	0.056355956511
5	146	56.507552619214	1.182528298545
5	160	60.238118516148	1.816419655532
5	188	65.858855670286	7.24048442631
5	205	69.97289571545	10.425698575485
5	276	81.007201701016	13.547292991267
5	288	82.420166235105	13.732815862456
5	296	87.935543087214	16.573059382837
5	308	91.962930313969	16.216320221098
5	317	93.776459559501	17.282885978043
5	337	98.273324403868	5.304801379144

