version 2
run Second-n3-16-20191125-12:37:23-9140
attr configname Second-n3
attr datetime 20191125-12:37:23
attr experiment Second-n3
attr inifile omnetpp.ini
attr iterationvars ""
attr iterationvarsf ""
attr measurement ""
attr network org.omnetpp.queueing.Pizza
attr processid 9140
attr repetition 16
attr replication ""
attr resultdir results_no_transient
attr runnumber 16
attr seedset 16
param **.PS.maxInventoriedPS 3
param **.U1.interArrivalTime exponential(3s)
param **.U2.interArrivalTime exponential(5s)
param **.PS.serviceTimeForInventoryU1 exponential(1.0s)
param **.PS.serviceTimeForInventoryU2 exponential(1.2s)
param **.PS.serviceTimeDirectU1 exponential(1.4s)
param **.PS.serviceTimeDirectU2 exponential(1.4s)
param **.PS.probabilityProducing 0.7
param **.CS.serviceTimeU1 exponential(1.1s)
param **.CS.serviceTimeU2 exponential(1.4s)

vector 0 Pizza.EntryQueueU1 queueLength:vector ETV
attr interpolationmode sample-hold
attr title "queue length, vector"
vector 1 Pizza.CS queueLength:vector ETV
attr interpolationmode sample-hold
attr title "queue length, vector"
vector 2 Pizza.EntryQueueU2 queueLength:vector ETV
attr interpolationmode sample-hold
attr title "queue length, vector"
vector 3 Pizza.sink lifeTime:vector ETV
attr interpolationmode none
attr title "lifetime of arrived jobs, vector"
attr unit s
vector 4 Pizza.sink lifeTimeU1:vector ETV
attr interpolationmode none
attr title "lifetime of arrived jobs, vector"
attr unit s
vector 5 Pizza.sink lifeTimeU2:vector ETV
attr interpolationmode none
attr title "lifetime of arrived jobs, vector"
attr unit s
0	0	0	0
0	42	8.563852870954	1
0	43	8.772244395425	0
0	74	16.626819266487	1
0	80	18.765534588646	0
0	95	20.815185760218	1
0	101	24.131048116498	2
0	102	24.414825124789	1
0	107	25.703008000162	0
0	121	26.98751340545	1
0	130	29.204533892836	0
0	168	38.262099748724	1
0	171	42.571555413917	0
0	208	52.76205136467	1
0	210	52.997346359643	2
0	211	53.901866018421	1
0	216	54.116462999225	0
0	227	54.49931549085	1
0	231	54.987644697875	0
0	235	57.122714559393	1
0	244	59.877683007062	0
0	250	60.977183425739	1
0	252	61.18946425641	2
0	255	61.639927984625	3
0	256	62.302715932785	2
0	261	62.856375978207	1
0	268	64.534010581761	2
0	270	65.85739031897	3
0	272	66.484972683258	4
0	273	67.031973516582	3
0	279	67.85736875485	2
0	285	69.079473099103	1
0	290	69.145541013124	0
0	296	69.670545465892	1
0	298	72.123202661296	0
0	304	72.419997061337	1
0	307	73.014495348109	2
0	308	73.258940899568	1
0	315	75.157681687988	0
0	319	76.211943578546	1
0	321	77.604186673181	2
0	325	78.702505305834	1
0	330	78.832856815802	0
0	334	80.55609495858	1
0	339	81.498264616529	2
0	341	81.72438519578	3
0	342	83.092414355296	2
0	347	83.549871341773	1
0	357	84.978433069687	0
0	379	89.716232181996	1
0	380	91.84432398565	0
0	413	99.436184056761	1
1	0	0	0
2	0	0	0
2	70	16.239087996674	1
2	72	16.459974706539	2
2	78	16.764630595313	3
2	86	19.428546317219	2
2	91	20.332813003561	1
2	99	24.052302710639	2
2	112	25.840747120649	1
2	117	26.250350612171	0
2	123	27.207825431207	1
2	125	27.959856618509	2
2	138	30.791777335366	1
2	144	30.837429241092	0
2	166	35.748178582279	1
2	176	42.625385206452	0
2	199	49.682778100619	1
2	201	50.281458885727	2
2	202	52.113102324742	1
2	221	54.233061357541	0
2	230	54.924519589712	1
2	237	57.532715803091	2
2	314	74.517671357015	3
2	353	84.075699204936	4
2	363	85.039659909769	5
2	365	85.612458107449	6
2	367	86.042238032723	5
2	373	89.216566730998	4
2	385	93.169249543525	3
2	390	93.425332439205	2
2	397	94.872790154448	1
2	403	95.218703737081	2
2	404	95.464312530134	1
2	409	98.708592576687	0
2	415	99.775604001624	1
3	7	0.889627516804	0.13155866397
3	17	2.079583953941	0.102088097642
3	24	3.892133504409	0.912320772943
3	35	7.889045455493	0.607526880233
3	45	8.772244395425	0.628163651352
3	50	9.177466156912	0.613613285958
3	58	13.183143662191	2.746948956606
3	65	14.274048640467	0.154448453492
3	82	18.765534588646	4.414965021155
3	88	19.428546317219	2.801727050732
3	93	20.332813003561	4.093725006887
3	104	24.414825124789	7.95485041825
3	109	25.703008000162	4.887822239944
3	114	25.840747120649	1.709699004151
3	119	26.250350612171	9.485720016858
3	132	29.204533892836	5.152231182197
3	140	30.791777335366	3.804263929916
3	146	30.837429241092	3.629603809885
3	150	31.204077172674	3.244220554165
3	158	32.223371929659	0.965438836546
3	173	42.571555413917	8.015359356188
3	178	42.625385206452	4.363285457728
3	182	43.425754426712	7.677575844433
3	189	44.48502781148	0.432163712735
3	204	52.113102324742	3.953625079924
3	213	53.901866018421	4.219087917802
3	218	54.116462999225	1.354411634555
3	223	54.233061357541	1.235714997898
3	233	54.987644697875	4.706185812148
3	246	59.877683007062	5.378367516212
3	258	62.302715932785	5.180001373392
3	263	62.856375978207	1.879192552468
3	275	67.031973516582	5.842509260172
3	281	67.85736875485	6.217440770225
3	287	69.079473099103	4.545462517342
3	292	69.145541013124	3.288150694154
3	300	72.123202661296	5.638229978038
3	310	73.258940899568	3.588395433676
3	317	75.157681687988	2.737684626651
3	327	78.702505305834	5.688009957725
3	332	78.832856815802	2.620913237256
3	344	83.092414355296	5.488227682115
3	349	83.549871341773	2.993776383193
3	359	84.978433069687	3.480168453158
3	369	86.042238032723	4.317852836943
3	375	89.216566730998	34.292047141286
3	382	91.84432398565	34.311608182559
3	387	93.169249543525	3.453017361529
3	392	93.425332439205	18.90766108219
3	399	94.872790154448	10.797090949512
3	406	95.464312530134	10.424652620365
3	411	98.708592576687	13.096134469238
4	7	0.889627516804	0.13155866397
4	24	3.892133504409	0.912320772943
4	50	9.177466156912	0.613613285958
4	58	13.183143662191	2.746948956606
4	65	14.274048640467	0.154448453492
4	88	19.428546317219	2.801727050732
4	109	25.703008000162	4.887822239944
4	114	25.840747120649	1.709699004151
4	140	30.791777335366	3.804263929916
4	158	32.223371929659	0.965438836546
4	173	42.571555413917	8.015359356188
4	178	42.625385206452	4.363285457728
4	204	52.113102324742	3.953625079924
4	218	54.116462999225	1.354411634555
4	223	54.233061357541	1.235714997898
4	246	59.877683007062	5.378367516212
4	258	62.302715932785	5.180001373392
4	263	62.856375978207	1.879192552468
4	275	67.031973516582	5.842509260172
4	281	67.85736875485	6.217440770225
4	287	69.079473099103	4.545462517342
4	292	69.145541013124	3.288150694154
4	300	72.123202661296	5.638229978038
4	310	73.258940899568	3.588395433676
4	317	75.157681687988	2.737684626651
4	327	78.702505305834	5.688009957725
4	332	78.832856815802	2.620913237256
4	344	83.092414355296	5.488227682115
4	349	83.549871341773	2.993776383193
4	359	84.978433069687	3.480168453158
4	369	86.042238032723	4.317852836943
4	387	93.169249543525	3.453017361529
5	17	2.079583953941	0.102088097642
5	35	7.889045455493	0.607526880233
5	45	8.772244395425	0.628163651352
5	82	18.765534588646	4.414965021155
5	93	20.332813003561	4.093725006887
5	104	24.414825124789	7.95485041825
5	119	26.250350612171	9.485720016858
5	132	29.204533892836	5.152231182197
5	146	30.837429241092	3.629603809885
5	150	31.204077172674	3.244220554165
5	182	43.425754426712	7.677575844433
5	189	44.48502781148	0.432163712735
5	213	53.901866018421	4.219087917802
5	233	54.987644697875	4.706185812148
5	375	89.216566730998	34.292047141286
5	382	91.84432398565	34.311608182559
5	392	93.425332439205	18.90766108219
5	399	94.872790154448	10.797090949512
5	406	95.464312530134	10.424652620365
5	411	98.708592576687	13.096134469238

