version 2
run Second-n4-13-20191125-12:37:28-3408
attr configname Second-n4
attr datetime 20191125-12:37:28
attr experiment Second-n4
attr inifile omnetpp.ini
attr iterationvars ""
attr iterationvarsf ""
attr measurement ""
attr network org.omnetpp.queueing.Pizza
attr processid 3408
attr repetition 13
attr replication ""
attr resultdir results_no_transient
attr runnumber 13
attr seedset 13
param **.PS.maxInventoriedPS 4
param **.U1.interArrivalTime exponential(3s)
param **.U2.interArrivalTime exponential(5s)
param **.PS.serviceTimeForInventoryU1 exponential(1.0s)
param **.PS.serviceTimeForInventoryU2 exponential(1.2s)
param **.PS.serviceTimeDirectU1 exponential(1.4s)
param **.PS.serviceTimeDirectU2 exponential(1.4s)
param **.PS.probabilityProducing 0.7
param **.CS.serviceTimeU1 exponential(1.1s)
param **.CS.serviceTimeU2 exponential(1.4s)

vector 0 Pizza.EntryQueueU1 queueLength:vector ETV
attr interpolationmode sample-hold
attr title "queue length, vector"
vector 1 Pizza.CS queueLength:vector ETV
attr interpolationmode sample-hold
attr title "queue length, vector"
vector 2 Pizza.EntryQueueU2 queueLength:vector ETV
attr interpolationmode sample-hold
attr title "queue length, vector"
vector 3 Pizza.sink lifeTime:vector ETV
attr interpolationmode none
attr title "lifetime of arrived jobs, vector"
attr unit s
vector 4 Pizza.sink lifeTimeU1:vector ETV
attr interpolationmode none
attr title "lifetime of arrived jobs, vector"
attr unit s
vector 5 Pizza.sink lifeTimeU2:vector ETV
attr interpolationmode none
attr title "lifetime of arrived jobs, vector"
attr unit s
0	0	0	0
0	7	5.324835378102	1
0	14	11.215102530395	0
0	25	12.029129270795	1
0	26	12.168995606313	0
0	72	21.590056765483	1
0	73	22.937171706491	0
0	154	38.702643380884	1
0	155	39.410782173423	0
0	182	44.648428070186	1
0	185	44.686022902355	2
0	189	46.759720028744	3
0	191	47.193592099003	4
0	192	47.401151310168	3
0	197	47.434412623819	2
0	202	47.595669721253	1
0	207	47.640559799758	0
0	211	48.555585941583	1
0	219	52.419208055311	0
0	233	59.785282787756	1
0	234	62.298392660131	0
0	241	62.783786086658	1
0	243	63.519395892926	2
0	246	63.866655263419	3
0	248	64.143835256144	4
0	249	64.346027288794	3
0	254	64.869197178996	2
0	260	64.963191101858	1
0	269	66.118405726493	0
0	280	67.132161125796	1
0	281	67.536388398	0
0	298	71.141654954739	1
0	299	71.226656962076	0
0	311	71.847995303952	1
0	312	72.465585097533	0
0	336	78.932519572313	1
0	341	81.327776192897	0
0	369	92.771703102525	1
0	370	93.142231270411	0
0	376	93.572213456944	1
0	378	96.456868388471	0
0	384	96.475716507584	1
0	385	96.507084758096	0
1	0	0	0
2	0	0	0
2	5	4.674072849705	1
2	19	11.672748317768	0
2	48	15.748514754266	1
2	49	15.979583138744	0
2	122	32.422343322923	1
2	123	32.521382290709	0
2	129	32.774013062024	1
2	130	33.618361067748	0
2	150	37.725625992791	1
2	160	39.765290140381	0
2	266	65.160459947335	1
2	268	65.318872353278	2
2	274	67.08090606899	1
2	287	69.27573005427	2
2	288	69.591931366291	1
2	304	71.372612496548	0
2	334	76.967902916936	1
2	340	80.868084387205	2
2	348	83.193239757383	1
2	353	83.927076115696	0
3	16	11.215102530395	6.703887629331
3	21	11.672748317768	6.347912939666
3	28	12.168995606313	7.494922756608
3	32	12.955083286478	0.925954015683
3	39	14.195847925105	0.827499677596
3	51	15.979583138744	0.278355125147
3	55	18.31482716991	2.566312415644
3	62	19.143779435677	0.035666046108
3	75	22.937171706491	1.509965793346
3	79	23.023782914308	1.433726148825
3	88	24.547785020654	0.719072472738
3	96	26.490504259424	0.312027949601
3	106	29.79643630118	0.308377672051
3	113	31.045757419149	0.408352425354
3	125	32.521382290709	0.36102225121
3	132	33.618361067748	1.196017744825
3	137	34.580117887322	1.806104825298
3	144	35.124553508861	0.181085405716
3	157	39.410782173423	2.663525591089
3	162	39.765290140381	1.062646759497
3	166	40.708775252771	2.98314925998
3	173	41.22999274057	0.0032063927
3	194	47.401151310168	4.615172033027
3	199	47.434412623819	2.785984553633
3	204	47.595669721253	2.909646818898
3	209	47.640559799758	0.880839771014
3	221	52.419208055311	5.225615956308
3	225	53.051361873554	4.495775931971
3	236	62.298392660131	3.760841906731
3	251	64.346027288794	4.560744501038
3	256	64.869197178996	2.085411092338
3	262	64.963191101858	1.443795208932
3	271	66.118405726493	2.251750463074
3	276	67.08090606899	2.937070812846
3	283	67.536388398	2.375928450665
3	290	69.591931366291	2.459770240495
3	301	71.226656962076	5.907784608798
3	306	71.372612496548	0.230957541809
3	314	72.465585097533	3.189855043263
3	318	72.788506512076	0.940511208124
3	327	74.749816697315	1.569457175495
3	343	81.327776192897	5.23434370528
3	350	83.193239757383	4.26072018507
3	355	83.927076115696	6.95917319876
3	359	85.089749107066	4.221664719861
3	372	93.142231270411	0.84050000441
3	380	96.456868388471	3.685165285946
3	387	96.507084758096	2.934871301152
3	392	97.004350927684	0.5286344201
3	400	99.36135670725	0.70409724148
4	16	11.215102530395	6.703887629331
4	21	11.672748317768	6.347912939666
4	32	12.955083286478	0.925954015683
4	62	19.143779435677	0.035666046108
4	75	22.937171706491	1.509965793346
4	79	23.023782914308	1.433726148825
4	88	24.547785020654	0.719072472738
4	96	26.490504259424	0.312027949601
4	106	29.79643630118	0.308377672051
4	125	32.521382290709	0.36102225121
4	144	35.124553508861	0.181085405716
4	162	39.765290140381	1.062646759497
4	173	41.22999274057	0.0032063927
4	194	47.401151310168	4.615172033027
4	199	47.434412623819	2.785984553633
4	204	47.595669721253	2.909646818898
4	209	47.640559799758	0.880839771014
4	221	52.419208055311	5.225615956308
4	225	53.051361873554	4.495775931971
4	236	62.298392660131	3.760841906731
4	251	64.346027288794	4.560744501038
4	256	64.869197178996	2.085411092338
4	262	64.963191101858	1.443795208932
4	271	66.118405726493	2.251750463074
4	276	67.08090606899	2.937070812846
4	290	69.591931366291	2.459770240495
4	306	71.372612496548	0.230957541809
4	318	72.788506512076	0.940511208124
4	327	74.749816697315	1.569457175495
4	343	81.327776192897	5.23434370528
4	350	83.193239757383	4.26072018507
4	372	93.142231270411	0.84050000441
4	380	96.456868388471	3.685165285946
4	387	96.507084758096	2.934871301152
4	392	97.004350927684	0.5286344201
5	28	12.168995606313	7.494922756608
5	39	14.195847925105	0.827499677596
5	51	15.979583138744	0.278355125147
5	55	18.31482716991	2.566312415644
5	113	31.045757419149	0.408352425354
5	132	33.618361067748	1.196017744825
5	137	34.580117887322	1.806104825298
5	157	39.410782173423	2.663525591089
5	166	40.708775252771	2.98314925998
5	283	67.536388398	2.375928450665
5	301	71.226656962076	5.907784608798
5	314	72.465585097533	3.189855043263
5	355	83.927076115696	6.95917319876
5	359	85.089749107066	4.221664719861
5	400	99.36135670725	0.70409724148

