version 2
run Second-n3-10-20191125-12:37:15-1700
attr configname Second-n3
attr datetime 20191125-12:37:15
attr experiment Second-n3
attr inifile omnetpp.ini
attr iterationvars ""
attr iterationvarsf ""
attr measurement ""
attr network org.omnetpp.queueing.Pizza
attr processid 1700
attr repetition 10
attr replication ""
attr resultdir results_no_transient
attr runnumber 10
attr seedset 10
param **.PS.maxInventoriedPS 3
param **.U1.interArrivalTime exponential(3s)
param **.U2.interArrivalTime exponential(5s)
param **.PS.serviceTimeForInventoryU1 exponential(1.0s)
param **.PS.serviceTimeForInventoryU2 exponential(1.2s)
param **.PS.serviceTimeDirectU1 exponential(1.4s)
param **.PS.serviceTimeDirectU2 exponential(1.4s)
param **.PS.probabilityProducing 0.7
param **.CS.serviceTimeU1 exponential(1.1s)
param **.CS.serviceTimeU2 exponential(1.4s)

vector 0 Pizza.EntryQueueU1 queueLength:vector ETV
attr interpolationmode sample-hold
attr title "queue length, vector"
vector 1 Pizza.CS queueLength:vector ETV
attr interpolationmode sample-hold
attr title "queue length, vector"
vector 2 Pizza.EntryQueueU2 queueLength:vector ETV
attr interpolationmode sample-hold
attr title "queue length, vector"
vector 3 Pizza.sink lifeTime:vector ETV
attr interpolationmode none
attr title "lifetime of arrived jobs, vector"
attr unit s
vector 4 Pizza.sink lifeTimeU2:vector ETV
attr interpolationmode none
attr title "lifetime of arrived jobs, vector"
attr unit s
vector 5 Pizza.sink lifeTimeU1:vector ETV
attr interpolationmode none
attr title "lifetime of arrived jobs, vector"
attr unit s
0	0	0	0
0	10	4.426303334927	1
0	13	5.190193022171	2
0	15	5.226442253557	1
0	20	5.328179012215	0
0	35	8.895634259765	1
0	36	9.700915865658	0
0	43	11.739954417145	1
0	44	12.011557126255	0
0	62	15.639594523357	1
0	64	16.244590039376	2
0	67	17.228134347524	1
0	74	17.993882215984	2
0	75	18.019886916517	1
0	82	19.61500934282	0
0	107	22.735672199163	1
0	108	23.087407801923	0
0	114	23.125841594943	1
0	116	23.574066049073	2
0	118	24.239552570173	3
0	120	24.969337461799	2
0	128	26.514903585255	1
0	136	28.608158967179	2
0	141	30.498131263849	3
0	142	30.998250714661	2
0	150	31.551354800434	3
0	154	32.891306596495	2
0	159	33.375796468675	1
0	166	34.266217534129	2
0	169	34.829686468249	3
0	170	35.300143330324	2
0	178	36.348019327747	3
0	179	36.417718334374	2
0	185	36.461799857648	1
0	191	36.553271778904	0
0	199	37.746149529053	1
0	200	38.188388412718	0
0	219	39.429834734118	1
0	220	39.434560642845	0
0	233	41.869130184462	1
0	234	41.951868990909	0
0	259	44.601820978342	1
0	262	46.936572374529	0
0	268	47.102547435703	1
0	269	47.103214268422	0
0	275	47.301771643008	1
0	277	48.546990283552	2
0	278	49.318164592768	1
0	290	53.471519532827	0
0	310	57.976440096628	1
0	312	58.294136120427	0
0	339	63.958280225571	1
0	340	64.015976048996	0
0	376	72.517575558407	1
0	378	73.12772635113	2
0	381	74.217056040814	1
0	386	75.077012339281	0
0	396	76.682462944729	1
0	398	76.885687008097	2
0	399	77.662403397879	1
0	404	77.824953903607	0
0	411	79.395007562681	1
0	416	81.980871575021	2
0	417	82.01831270056	1
0	422	82.247983472045	0
0	468	90.79056666923	1
0	469	92.725496737083	0
0	475	93.246014510303	1
0	477	93.486572271433	2
0	479	94.228051474343	1
0	484	94.430462851964	0
0	490	95.931129962398	1
0	492	97.439353241484	0
1	0	0	0
2	0	0	0
2	5	1.879385144195	1
2	26	6.594761506651	0
2	32	6.900191601093	1
2	50	13.390713732849	0
2	57	15.273300482886	1
2	58	15.502426464396	0
2	88	19.657465226024	1
2	89	20.058629285446	0
2	105	21.580163800469	1
2	127	26.50150158604	2
2	134	28.256114213054	3
2	139	30.225118500613	4
2	153	32.717374753581	5
2	176	35.584016494368	6
2	205	38.468589365224	5
2	211	39.063839791472	4
2	217	39.407854883248	5
2	227	41.749540016277	4
2	240	42.318043873932	3
2	245	42.354062970447	2
2	250	42.974755352662	1
2	255	44.504484295674	0
2	285	50.005639332374	1
2	288	52.083499051396	2
2	297	55.587583989786	1
2	303	55.75123068246	2
2	304	56.892071643873	1
2	317	58.468646074916	0
2	393	75.368957666031	1
2	428	82.863328531869	0
3	17	5.226442253557	3.451908580821
3	22	5.328179012215	0.901875677288
3	28	6.594761506651	1.40456848448
3	38	9.700915865658	7.821530721463
3	46	12.011557126255	3.11592286649
3	52	13.390713732849	1.650759315704
3	60	15.502426464396	8.602234863303
3	69	17.228134347524	1.954833864638
3	77	18.019886916517	2.38029239316
3	84	19.61500934282	3.370419303444
3	91	20.058629285446	2.064747069462
3	96	20.630837105987	0.973371879963
3	110	23.087407801923	1.940652830395
3	122	24.969337461799	2.233665262636
3	130	26.514903585255	3.389061990312
3	144	30.998250714661	7.424184665588
3	156	32.891306596495	8.651754026322
3	161	33.375796468675	4.767637501496
3	172	35.300143330324	4.802012066475
3	181	36.417718334374	4.86636353394
3	187	36.461799857648	2.195582323519
3	193	36.553271778904	1.723585310655
3	202	38.188388412718	1.840369084971
3	207	38.468589365224	0.722439836171
3	213	39.063839791472	17.483675991003
3	222	39.434560642845	12.933059056805
3	229	41.749540016277	2.319705282159
3	236	41.951868990909	13.695754777855
3	242	42.318043873932	0.44891368947
3	247	42.354062970447	12.128944469834
3	252	42.974755352662	10.257380599081
3	257	44.504484295674	8.920467801306
3	264	46.936572374529	7.528717491281
3	271	47.103214268422	2.50139329008
3	280	49.318164592768	2.215617157065
3	292	53.471519532827	6.169747889819
3	299	55.587583989786	7.040593706234
3	306	56.892071643873	6.886432311499
3	314	58.294136120427	6.210637069031
3	319	58.468646074916	0.492205978288
3	324	58.967450844704	3.216220162244
3	331	62.797783086037	0.993877433163
3	342	64.015976048996	0.649611033987
3	347	64.232801221069	0.274520995498
3	354	65.473360878784	0.954609752666
3	361	69.919603015447	0.38520330579
3	368	70.574524261956	0.299469998936
3	383	74.217056040814	3.602900207924
3	388	75.077012339281	2.559436780874
3	401	77.662403397879	4.534677046749
3	406	77.824953903607	1.142490958878
3	419	82.01831270056	5.132625692463
3	424	82.247983472045	2.852975909364
3	430	82.863328531869	0.882456956848
3	435	83.611055246394	8.242097580363
3	442	85.391417217677	0.77792302733
3	449	85.505378653863	0.103870775885
3	460	89.385146150778	1.246011809628
3	471	92.725496737083	2.987450749763
3	481	94.228051474343	3.437484805113
3	486	94.430462851964	1.184448341661
3	494	97.439353241484	3.952780970051
3	498	98.396350299585	2.465220337187
3	505	99.398538426749	0.725639369861
4	17	5.226442253557	3.451908580821
4	38	9.700915865658	7.821530721463
4	60	15.502426464396	8.602234863303
4	69	17.228134347524	1.954833864638
4	96	20.630837105987	0.973371879963
4	213	39.063839791472	17.483675991003
4	222	39.434560642845	12.933059056805
4	236	41.951868990909	13.695754777855
4	247	42.354062970447	12.128944469834
4	252	42.974755352662	10.257380599081
4	257	44.504484295674	8.920467801306
4	264	46.936572374529	7.528717491281
4	306	56.892071643873	6.886432311499
4	314	58.294136120427	6.210637069031
4	324	58.967450844704	3.216220162244
4	342	64.015976048996	0.649611033987
4	354	65.473360878784	0.954609752666
4	435	83.611055246394	8.242097580363
4	460	89.385146150778	1.246011809628
5	22	5.328179012215	0.901875677288
5	28	6.594761506651	1.40456848448
5	46	12.011557126255	3.11592286649
5	52	13.390713732849	1.650759315704
5	77	18.019886916517	2.38029239316
5	84	19.61500934282	3.370419303444
5	91	20.058629285446	2.064747069462
5	110	23.087407801923	1.940652830395
5	122	24.969337461799	2.233665262636
5	130	26.514903585255	3.389061990312
5	144	30.998250714661	7.424184665588
5	156	32.891306596495	8.651754026322
5	161	33.375796468675	4.767637501496
5	172	35.300143330324	4.802012066475
5	181	36.417718334374	4.86636353394
5	187	36.461799857648	2.195582323519
5	193	36.553271778904	1.723585310655
5	202	38.188388412718	1.840369084971
5	207	38.468589365224	0.722439836171
5	229	41.749540016277	2.319705282159
5	242	42.318043873932	0.44891368947
5	271	47.103214268422	2.50139329008
5	280	49.318164592768	2.215617157065
5	292	53.471519532827	6.169747889819
5	299	55.587583989786	7.040593706234
5	319	58.468646074916	0.492205978288
5	331	62.797783086037	0.993877433163
5	347	64.232801221069	0.274520995498
5	361	69.919603015447	0.38520330579
5	368	70.574524261956	0.299469998936
5	383	74.217056040814	3.602900207924
5	388	75.077012339281	2.559436780874
5	401	77.662403397879	4.534677046749
5	406	77.824953903607	1.142490958878
5	419	82.01831270056	5.132625692463
5	424	82.247983472045	2.852975909364
5	430	82.863328531869	0.882456956848
5	442	85.391417217677	0.77792302733
5	449	85.505378653863	0.103870775885
5	471	92.725496737083	2.987450749763
5	481	94.228051474343	3.437484805113
5	486	94.430462851964	1.184448341661
5	494	97.439353241484	3.952780970051
5	498	98.396350299585	2.465220337187
5	505	99.398538426749	0.725639369861

