version 2
run Second-n3-5-20191125-12:37:06-9548
attr configname Second-n3
attr datetime 20191125-12:37:06
attr experiment Second-n3
attr inifile omnetpp.ini
attr iterationvars ""
attr iterationvarsf ""
attr measurement ""
attr network org.omnetpp.queueing.Pizza
attr processid 9548
attr repetition 5
attr replication ""
attr resultdir results_no_transient
attr runnumber 5
attr seedset 5
param **.PS.maxInventoriedPS 3
param **.U1.interArrivalTime exponential(3s)
param **.U2.interArrivalTime exponential(5s)
param **.PS.serviceTimeForInventoryU1 exponential(1.0s)
param **.PS.serviceTimeForInventoryU2 exponential(1.2s)
param **.PS.serviceTimeDirectU1 exponential(1.4s)
param **.PS.serviceTimeDirectU2 exponential(1.4s)
param **.PS.probabilityProducing 0.7
param **.CS.serviceTimeU1 exponential(1.1s)
param **.CS.serviceTimeU2 exponential(1.4s)

vector 0 Pizza.EntryQueueU1 queueLength:vector ETV
attr interpolationmode sample-hold
attr title "queue length, vector"
vector 1 Pizza.CS queueLength:vector ETV
attr interpolationmode sample-hold
attr title "queue length, vector"
vector 2 Pizza.EntryQueueU2 queueLength:vector ETV
attr interpolationmode sample-hold
attr title "queue length, vector"
vector 3 Pizza.sink lifeTime:vector ETV
attr interpolationmode none
attr title "lifetime of arrived jobs, vector"
attr unit s
vector 4 Pizza.sink lifeTimeU2:vector ETV
attr interpolationmode none
attr title "lifetime of arrived jobs, vector"
attr unit s
vector 5 Pizza.sink lifeTimeU1:vector ETV
attr interpolationmode none
attr title "lifetime of arrived jobs, vector"
attr unit s
0	0	0	0
0	5	0.753059933076	1
0	7	1.447793824209	2
0	11	2.804223168235	3
0	13	3.086565267221	4
0	14	3.713850244484	3
0	20	5.225158783124	2
0	24	5.92483528698	3
0	26	6.548570327485	4
0	32	11.503754629997	5
0	35	12.097883854806	4
0	40	12.468465603316	3
0	45	13.056406209051	2
0	50	14.363753905328	1
0	54	15.527032728862	2
0	57	15.917614004192	1
0	65	16.259902939981	0
0	76	17.559657457948	1
0	77	17.612700222004	0
0	101	27.2333374427	1
0	104	27.518336681056	0
0	119	30.296584749601	1
0	120	30.501833725242	0
0	206	47.872671478548	1
0	211	49.912861249602	2
0	212	51.62082271139	1
0	223	54.782469524898	0
0	240	56.553515669105	1
0	243	56.660886895439	2
0	245	57.157857674828	3
0	247	57.195197320389	4
0	249	58.359680220618	5
0	250	60.721677728766	4
0	256	61.212052045466	3
0	261	62.940567917186	2
0	269	63.591425107865	1
0	275	64.25174449823	2
0	278	64.416420804886	3
0	279	64.526511538852	2
0	284	65.612771992009	1
0	289	65.845214145526	0
0	304	77.043020337995	1
0	305	78.831863452693	0
0	325	82.835333276283	1
0	326	84.024069239269	0
0	339	87.105442362209	1
0	340	87.176381570725	0
0	362	90.051005399469	1
0	364	90.680516780172	0
0	392	95.083682400372	1
0	398	98.017367201752	0
1	0	0	0
2	0	0	0
2	28	10.513154157866	1
2	30	10.93409246129	2
2	64	16.175478758693	3
2	70	16.459066499838	2
2	82	17.772647097882	1
2	88	20.365998514317	0
2	110	28.761967282619	1
2	113	29.30253770732	0
2	164	37.578191964745	1
2	165	37.747762605318	0
2	199	47.142388805128	1
2	200	47.246283377811	0
2	209	49.312444315012	1
2	218	53.691785301535	2
2	220	54.136515331615	3
2	222	54.728701462886	4
2	228	55.249629593389	3
2	234	56.17610111526	2
2	267	63.068922484244	3
2	296	73.337420733458	2
2	310	78.92686247493	1
2	317	80.727934640614	2
2	319	82.722551418522	1
2	333	86.607297965484	0
2	371	91.901833050892	1
2	373	92.220657130387	0
2	379	92.346374191403	1
2	381	92.810828682907	0
2	387	93.433080182849	1
2	388	94.798054451066	0
2	397	97.883440892577	1
2	405	99.493457028783	0
3	16	3.713850244484	3.430045376378
3	22	5.225158783124	4.472098850048
3	37	12.097883854806	10.650090030597
3	42	12.468465603316	9.664242435081
3	47	13.056406209051	9.96984094183
3	52	14.363753905328	8.438918618348
3	59	15.917614004192	9.369043676707
3	67	16.259902939981	4.756148309984
3	72	16.459066499838	0.932033770976
3	79	17.612700222004	7.099546064138
3	84	17.772647097882	0.212989639934
3	90	20.365998514317	9.431906053027
3	96	22.913143453583	6.73766469489
3	106	27.518336681056	2.379275946264
3	115	29.30253770732	2.06920026462
3	122	30.501833725242	1.739866442623
3	126	30.575183381926	0.278598632325
3	133	32.657940039523	0.459615074814
3	140	33.964784001009	0.239253500751
3	147	34.56905155632	0.308132394006
3	154	36.333612846731	0.236090089633
3	167	37.747762605318	0.532785252187
3	171	38.051668621988	0.473476657243
3	179	42.603262869111	2.883586410489
3	189	46.00565909828	0.073495757236
3	202	47.246283377811	0.213908075473
3	214	51.62082271139	4.478433906262
3	225	54.782469524898	6.90979804635
3	230	55.249629593389	5.336768343787
3	236	56.17610111526	6.863656800248
3	252	60.721677728766	7.029892427231
3	258	61.212052045466	4.658536376361
3	263	62.940567917186	6.279681021747
3	271	63.591425107865	6.433567433037
3	281	64.526511538852	7.331314218463
3	286	65.612771992009	7.253091771391
3	291	65.845214145526	1.593469647296
3	298	73.337420733458	8.920999928572
3	307	78.831863452693	24.695348121078
3	312	78.92686247493	1.883842136935
3	321	82.722551418522	27.993849955636
3	328	84.024069239269	20.955146755025
3	335	86.607297965484	3.771964689201
3	342	87.176381570725	6.448446930111
3	348	88.315351981222	1.209909619013
3	355	88.755000871863	0.245711615305
3	366	90.680516780172	0.815444536238
3	375	92.220657130387	2.169651730918
3	383	92.810828682907	0.908995632015
3	390	94.798054451066	2.451680259663
3	400	98.017367201752	4.584287018903
3	407	99.493457028783	4.409774628411
4	16	3.713850244484	3.430045376378
4	79	17.612700222004	7.099546064138
4	90	20.365998514317	9.431906053027
4	96	22.913143453583	6.73766469489
4	106	27.518336681056	2.379275946264
4	122	30.501833725242	1.739866442623
4	147	34.56905155632	0.308132394006
4	171	38.051668621988	0.473476657243
4	189	46.00565909828	0.073495757236
4	214	51.62082271139	4.478433906262
4	236	56.17610111526	6.863656800248
4	252	60.721677728766	7.029892427231
4	307	78.831863452693	24.695348121078
4	321	82.722551418522	27.993849955636
4	328	84.024069239269	20.955146755025
4	342	87.176381570725	6.448446930111
4	383	92.810828682907	0.908995632015
4	390	94.798054451066	2.451680259663
4	400	98.017367201752	4.584287018903
5	22	5.225158783124	4.472098850048
5	37	12.097883854806	10.650090030597
5	42	12.468465603316	9.664242435081
5	47	13.056406209051	9.96984094183
5	52	14.363753905328	8.438918618348
5	59	15.917614004192	9.369043676707
5	67	16.259902939981	4.756148309984
5	72	16.459066499838	0.932033770976
5	84	17.772647097882	0.212989639934
5	115	29.30253770732	2.06920026462
5	126	30.575183381926	0.278598632325
5	133	32.657940039523	0.459615074814
5	140	33.964784001009	0.239253500751
5	154	36.333612846731	0.236090089633
5	167	37.747762605318	0.532785252187
5	179	42.603262869111	2.883586410489
5	202	47.246283377811	0.213908075473
5	225	54.782469524898	6.90979804635
5	230	55.249629593389	5.336768343787
5	258	61.212052045466	4.658536376361
5	263	62.940567917186	6.279681021747
5	271	63.591425107865	6.433567433037
5	281	64.526511538852	7.331314218463
5	286	65.612771992009	7.253091771391
5	291	65.845214145526	1.593469647296
5	298	73.337420733458	8.920999928572
5	312	78.92686247493	1.883842136935
5	335	86.607297965484	3.771964689201
5	348	88.315351981222	1.209909619013
5	355	88.755000871863	0.245711615305
5	366	90.680516780172	0.815444536238
5	375	92.220657130387	2.169651730918
5	407	99.493457028783	4.409774628411

