version 2
run Second-n3-18-20191125-12:37:25-3752
attr configname Second-n3
attr datetime 20191125-12:37:25
attr experiment Second-n3
attr inifile omnetpp.ini
attr iterationvars ""
attr iterationvarsf ""
attr measurement ""
attr network org.omnetpp.queueing.Pizza
attr processid 3752
attr repetition 18
attr replication ""
attr resultdir results_no_transient
attr runnumber 18
attr seedset 18
param **.PS.maxInventoriedPS 3
param **.U1.interArrivalTime exponential(3s)
param **.U2.interArrivalTime exponential(5s)
param **.PS.serviceTimeForInventoryU1 exponential(1.0s)
param **.PS.serviceTimeForInventoryU2 exponential(1.2s)
param **.PS.serviceTimeDirectU1 exponential(1.4s)
param **.PS.serviceTimeDirectU2 exponential(1.4s)
param **.PS.probabilityProducing 0.7
param **.CS.serviceTimeU1 exponential(1.1s)
param **.CS.serviceTimeU2 exponential(1.4s)

vector 0 Pizza.EntryQueueU1 queueLength:vector ETV
attr interpolationmode sample-hold
attr title "queue length, vector"
vector 1 Pizza.CS queueLength:vector ETV
attr interpolationmode sample-hold
attr title "queue length, vector"
vector 2 Pizza.EntryQueueU2 queueLength:vector ETV
attr interpolationmode sample-hold
attr title "queue length, vector"
vector 3 Pizza.sink lifeTime:vector ETV
attr interpolationmode none
attr title "lifetime of arrived jobs, vector"
attr unit s
vector 4 Pizza.sink lifeTimeU2:vector ETV
attr interpolationmode none
attr title "lifetime of arrived jobs, vector"
attr unit s
vector 5 Pizza.sink lifeTimeU1:vector ETV
attr interpolationmode none
attr title "lifetime of arrived jobs, vector"
attr unit s
0	0	0	0
0	13	3.837040156412	1
0	15	3.871760488338	2
0	20	5.420969847661	1
0	28	7.162516673358	2
0	31	8.963422107919	1
0	35	10.192006838088	2
0	38	10.959047461217	1
0	45	12.89859860685	2
0	46	13.649753956257	1
0	52	14.82738764571	0
0	64	15.818306844759	1
0	65	15.944918282238	0
0	69	16.740810051293	1
0	71	18.398651938964	2
0	75	20.340882017905	3
0	76	20.35569631046	2
0	80	21.053035585511	3
0	85	23.077257255862	2
0	90	23.961826693225	1
0	96	25.726708520284	0
0	102	25.996423265276	1
0	107	26.564757365893	0
0	137	30.889007860037	1
0	139	31.627138841437	2
0	141	32.362231466072	3
0	143	32.471042032698	4
0	152	38.974407137275	3
0	158	40.246378541307	2
0	165	40.652969043671	3
0	166	40.686944652506	2
0	173	41.004950088694	1
0	179	42.580190166876	0
0	198	45.156394293728	1
0	199	45.450139464839	0
0	216	47.094861590886	1
0	217	47.868250087951	0
0	242	54.651694227142	1
0	244	55.213528872992	2
0	246	56.511668245785	3
0	247	57.120205999485	2
0	252	57.418221886465	1
0	259	58.101230628656	2
0	260	58.109036341856	1
0	265	58.120409863988	0
0	280	63.48475465833	1
0	285	66.611936907386	2
0	288	67.628872884501	1
0	295	68.742780448249	0
0	330	77.1892528908	1
0	332	77.577254852389	2
0	333	77.753118693873	1
0	340	80.14332314376	0
0	354	82.741596894531	1
0	356	82.874294667012	2
0	357	83.234642540914	1
0	362	83.453369352004	0
0	384	85.30614448958	1
0	386	86.028265203746	0
1	0	0	0
2	0	0	0
2	17	3.915843542956	1
2	24	6.699244472579	2
2	26	6.84281575701	3
2	58	15.637022807143	2
2	104	26.161953829631	3
2	112	27.263543131331	2
2	117	27.282767017642	1
2	126	29.240280801496	0
2	147	33.583451596766	1
2	149	33.868638438932	2
2	151	33.924027557826	3
2	172	40.923394686446	4
2	185	42.912860125763	3
2	190	42.934517771102	2
2	205	46.217175571947	1
2	210	46.44144114096	0
2	287	66.793723751234	1
2	294	67.636282512002	2
2	301	69.068588529408	1
2	308	70.616812454063	0
3	7	1.469680944072	1.074406638259
3	22	5.420969847661	2.268293956501
3	33	8.963422107919	5.126381951507
3	40	10.959047461217	7.087286972879
3	48	13.649753956257	6.487237282899
3	54	14.82738764571	4.635380807622
3	60	15.637022807143	2.738424200293
3	67	15.944918282238	12.029074739282
3	78	20.35569631046	4.537389465701
3	87	23.077257255862	6.336447204569
3	92	23.961826693225	5.563174754261
3	98	25.726708520284	5.385826502379
3	109	26.564757365893	5.511721780382
3	114	27.263543131331	1.267119866055
3	119	27.282767017642	20.583522545063
3	128	29.240280801496	22.397465044486
3	132	29.825458858317	3.663505028686
3	154	38.974407137275	8.563121888057
3	160	40.246378541307	9.35737068127
3	168	40.686944652506	9.059805811069
3	175	41.004950088694	8.642718622622
3	181	42.580190166876	10.109148134178
3	187	42.912860125763	2.259891082092
3	192	42.934517771102	9.351066174336
3	201	45.450139464839	11.581501025907
3	207	46.217175571947	1.060781278219
3	212	46.44144114096	12.517413583134
3	219	47.868250087951	6.944855401505
3	224	49.608339221363	2.513477630477
3	233	52.014782548839	1.702504761835
3	249	57.120205999485	2.715725443053
3	254	57.418221886465	2.766527659323
3	262	58.109036341856	2.895507468864
3	267	58.120409863988	1.608741618203
3	271	58.354218503595	0.252987874939
3	290	67.628872884501	4.679516988514
3	297	68.742780448249	5.258025789919
3	303	69.068588529408	2.456651622022
3	310	70.616812454063	3.823088702829
3	314	70.743160178736	3.106877666734
3	321	74.401762832722	0.245725156041
3	335	77.753118693873	2.55611109752
3	342	80.14332314376	2.95407025296
3	346	81.0190498348	3.441794982411
3	359	83.234642540914	0.947742433409
3	364	83.453369352004	0.711772457473
3	369	83.498807618573	0.624512951561
3	377	84.885295202882	0.389484280967
3	388	86.028265203746	0.830006621231
3	392	86.205408432572	0.899263942992
3	401	90.588206575995	0.734292693044
3	411	94.807880488069	1.938906533083
3	419	99.218013709164	2.890328983646
3	427	99.575706680194	0.159098721454
4	7	1.469680944072	1.074406638259
4	67	15.944918282238	12.029074739282
4	119	27.282767017642	20.583522545063
4	128	29.240280801496	22.397465044486
4	132	29.825458858317	3.663505028686
4	154	38.974407137275	8.563121888057
4	192	42.934517771102	9.351066174336
4	201	45.450139464839	11.581501025907
4	212	46.44144114096	12.517413583134
4	219	47.868250087951	6.944855401505
4	290	67.628872884501	4.679516988514
4	310	70.616812454063	3.823088702829
4	314	70.743160178736	3.106877666734
4	377	84.885295202882	0.389484280967
4	411	94.807880488069	1.938906533083
4	419	99.218013709164	2.890328983646
5	22	5.420969847661	2.268293956501
5	33	8.963422107919	5.126381951507
5	40	10.959047461217	7.087286972879
5	48	13.649753956257	6.487237282899
5	54	14.82738764571	4.635380807622
5	60	15.637022807143	2.738424200293
5	78	20.35569631046	4.537389465701
5	87	23.077257255862	6.336447204569
5	92	23.961826693225	5.563174754261
5	98	25.726708520284	5.385826502379
5	109	26.564757365893	5.511721780382
5	114	27.263543131331	1.267119866055
5	160	40.246378541307	9.35737068127
5	168	40.686944652506	9.059805811069
5	175	41.004950088694	8.642718622622
5	181	42.580190166876	10.109148134178
5	187	42.912860125763	2.259891082092
5	207	46.217175571947	1.060781278219
5	224	49.608339221363	2.513477630477
5	233	52.014782548839	1.702504761835
5	249	57.120205999485	2.715725443053
5	254	57.418221886465	2.766527659323
5	262	58.109036341856	2.895507468864
5	267	58.120409863988	1.608741618203
5	271	58.354218503595	0.252987874939
5	297	68.742780448249	5.258025789919
5	303	69.068588529408	2.456651622022
5	321	74.401762832722	0.245725156041
5	335	77.753118693873	2.55611109752
5	342	80.14332314376	2.95407025296
5	346	81.0190498348	3.441794982411
5	359	83.234642540914	0.947742433409
5	364	83.453369352004	0.711772457473
5	369	83.498807618573	0.624512951561
5	388	86.028265203746	0.830006621231
5	392	86.205408432572	0.899263942992
5	401	90.588206575995	0.734292693044
5	427	99.575706680194	0.159098721454

