version 2
run Third-n2-9-20191125-12:37:41-2828
attr configname Third-n2
attr datetime 20191125-12:37:41
attr experiment Third-n2
attr inifile omnetpp.ini
attr iterationvars ""
attr iterationvarsf ""
attr measurement ""
attr network org.omnetpp.queueing.Pizza
attr processid 2828
attr repetition 9
attr replication ""
attr resultdir results_no_transient
attr runnumber 9
attr seedset 9
param **.PS.maxInventoriedPS 2
param **.U1.interArrivalTime exponential(4s)
param **.U2.interArrivalTime exponential(6s)
param **.PS.serviceTimeForInventoryU1 exponential(1.4s)
param **.PS.serviceTimeForInventoryU2 exponential(1.4s)
param **.PS.serviceTimeDirectU1 exponential(1.8s)
param **.PS.serviceTimeDirectU2 exponential(1.8s)
param **.PS.probabilityProducing 0.8
param **.CS.serviceTimeU1 exponential(2.3s)
param **.CS.serviceTimeU2 exponential(2.3s)

vector 0 Pizza.EntryQueueU1 queueLength:vector ETV
attr interpolationmode sample-hold
attr title "queue length, vector"
vector 1 Pizza.CS queueLength:vector ETV
attr interpolationmode sample-hold
attr title "queue length, vector"
vector 2 Pizza.EntryQueueU2 queueLength:vector ETV
attr interpolationmode sample-hold
attr title "queue length, vector"
vector 3 Pizza.sink lifeTime:vector ETV
attr interpolationmode none
attr title "lifetime of arrived jobs, vector"
attr unit s
vector 4 Pizza.sink lifeTimeU1:vector ETV
attr interpolationmode none
attr title "lifetime of arrived jobs, vector"
attr unit s
vector 5 Pizza.sink lifeTimeU2:vector ETV
attr interpolationmode none
attr title "lifetime of arrived jobs, vector"
attr unit s
0	0	0	0
0	14	2.829327048168	1
0	18	4.997960584635	2
0	24	6.138574597535	3
0	31	8.064738748436	2
0	37	8.154543048765	3
0	42	13.461486624221	4
0	44	14.999701408543	3
0	49	15.335939761108	2
0	56	17.161482602082	1
0	60	18.298077294298	2
0	66	22.070148397974	1
0	75	28.561183883883	0
0	84	29.778488803229	1
0	85	30.254516456071	0
0	92	32.479558092541	1
0	93	34.790284075871	0
0	136	48.251662872257	1
0	140	52.906495126579	2
0	142	54.27273668239	3
0	143	54.914935861581	2
0	154	64.644490451104	3
0	155	64.884778338944	2
0	160	65.010171896992	1
0	167	65.390358880845	2
0	173	67.586130408328	1
0	181	68.587275857711	0
0	190	71.720528136672	1
0	192	71.862133977037	2
0	197	72.553782724011	1
0	203	73.103341247327	2
0	207	73.994082499863	3
0	210	74.976035830183	4
0	211	77.92610986454	3
0	217	78.480695505338	2
0	223	79.088736224639	1
0	230	80.206930935203	2
0	231	80.774537584029	1
0	239	82.067599994733	0
0	251	87.447074211696	1
0	253	88.465830958767	2
0	258	90.528074376992	1
0	264	91.720543258172	2
0	265	92.085482462024	1
0	270	92.351729109847	0
0	274	95.080164408282	1
0	276	98.182590194241	2
0	278	98.344334008869	3
0	280	99.710349479211	4
1	0	0	0
2	0	0	0
2	16	4.199382439764	1
2	20	5.087089793437	2
2	22	5.98236013389	3
2	28	6.509184377901	4
2	30	7.603903497353	5
2	40	9.880134413006	6
2	55	17.086145579909	7
2	65	21.918073207532	8
2	74	28.040788960447	9
2	82	28.702745625975	10
2	98	35.430937219817	9
2	105	39.068206156931	8
2	110	40.0480705904	7
2	115	40.58865517122	6
2	120	43.863231838666	5
2	125	45.832026146091	4
2	129	46.161990766419	5
2	132	47.338640228838	4
2	150	59.913226097315	5
2	152	60.176007538702	6
2	170	66.273568873606	7
2	172	67.338332771465	8
2	180	68.16257980529	9
2	186	69.593151673351	8
2	194	72.138269667288	9
2	238	81.201563451108	10
2	244	82.400967153433	9
2	255	89.164416221095	10
2	257	90.060772407399	11
3	9	1.616699494875	1.574986115594
3	33	8.064738748436	5.345047574108
3	46	14.999701408543	12.170374360375
3	51	15.335939761108	10.337979176473
3	58	17.161482602082	11.022908004547
3	68	22.070148397974	13.915605349209
3	77	28.561183883883	15.099697259662
3	87	30.254516456071	11.956439161773
3	95	34.790284075871	5.011795272642
3	100	35.430937219817	2.951379127276
3	107	39.068206156931	34.868823717167
3	112	40.0480705904	34.960980796963
3	117	40.58865517122	34.60629503733
3	122	43.863231838666	37.354047460765
3	127	45.832026146091	38.228122648738
3	134	47.338640228838	37.458505815832
3	145	54.914935861581	37.828790281672
3	157	64.884778338944	16.633115466687
3	162	65.010171896992	12.103676770413
3	175	67.586130408328	13.313393725938
3	183	68.587275857711	3.942785406607
3	188	69.593151673351	4.202792792506
3	199	72.553782724011	50.635709516479
3	213	77.92610986454	6.205581727868
3	219	78.480695505338	6.618561528301
3	225	79.088736224639	5.985394977312
3	233	80.774537584029	6.780455084166
3	241	82.067599994733	7.09156416455
3	246	82.400967153433	2.19403621823
3	260	90.528074376992	62.487285416545
3	267	92.085482462024	4.638408250328
3	272	92.351729109847	3.88589815108
4	9	1.616699494875	1.574986115594
4	46	14.999701408543	12.170374360375
4	51	15.335939761108	10.337979176473
4	58	17.161482602082	11.022908004547
4	68	22.070148397974	13.915605349209
4	77	28.561183883883	15.099697259662
4	87	30.254516456071	11.956439161773
4	95	34.790284075871	5.011795272642
4	100	35.430937219817	2.951379127276
4	157	64.884778338944	16.633115466687
4	162	65.010171896992	12.103676770413
4	175	67.586130408328	13.313393725938
4	183	68.587275857711	3.942785406607
4	188	69.593151673351	4.202792792506
4	213	77.92610986454	6.205581727868
4	219	78.480695505338	6.618561528301
4	225	79.088736224639	5.985394977312
4	233	80.774537584029	6.780455084166
4	241	82.067599994733	7.09156416455
4	246	82.400967153433	2.19403621823
4	267	92.085482462024	4.638408250328
4	272	92.351729109847	3.88589815108
5	33	8.064738748436	5.345047574108
5	107	39.068206156931	34.868823717167
5	112	40.0480705904	34.960980796963
5	117	40.58865517122	34.60629503733
5	122	43.863231838666	37.354047460765
5	127	45.832026146091	38.228122648738
5	134	47.338640228838	37.458505815832
5	145	54.914935861581	37.828790281672
5	199	72.553782724011	50.635709516479
5	260	90.528074376992	62.487285416545

