version 2
run Third-n5-11-20191125-12:38:07-7040
attr configname Third-n5
attr datetime 20191125-12:38:07
attr experiment Third-n5
attr inifile omnetpp.ini
attr iterationvars ""
attr iterationvarsf ""
attr measurement ""
attr network org.omnetpp.queueing.Pizza
attr processid 7040
attr repetition 11
attr replication ""
attr resultdir results_no_transient
attr runnumber 11
attr seedset 11
param **.PS.maxInventoriedPS 5
param **.U1.interArrivalTime exponential(4s)
param **.U2.interArrivalTime exponential(6s)
param **.PS.serviceTimeForInventoryU1 exponential(1.4s)
param **.PS.serviceTimeForInventoryU2 exponential(1.4s)
param **.PS.serviceTimeDirectU1 exponential(1.8s)
param **.PS.serviceTimeDirectU2 exponential(1.8s)
param **.PS.probabilityProducing 0.8
param **.CS.serviceTimeU1 exponential(2.3s)
param **.CS.serviceTimeU2 exponential(2.3s)

vector 0 Pizza.EntryQueueU1 queueLength:vector ETV
attr interpolationmode sample-hold
attr title "queue length, vector"
vector 1 Pizza.CS queueLength:vector ETV
attr interpolationmode sample-hold
attr title "queue length, vector"
vector 2 Pizza.EntryQueueU2 queueLength:vector ETV
attr interpolationmode sample-hold
attr title "queue length, vector"
vector 3 Pizza.sink lifeTime:vector ETV
attr interpolationmode none
attr title "lifetime of arrived jobs, vector"
attr unit s
vector 4 Pizza.sink lifeTimeU2:vector ETV
attr interpolationmode none
attr title "lifetime of arrived jobs, vector"
attr unit s
vector 5 Pizza.sink lifeTimeU1:vector ETV
attr interpolationmode none
attr title "lifetime of arrived jobs, vector"
attr unit s
0	0	0	0
0	7	0.795119552695	1
0	9	1.6583795449	2
0	12	2.647125681843	1
0	22	6.821355299315	2
0	24	9.056364407368	1
0	32	14.216213171531	0
0	41	15.639857745999	1
0	43	16.136388030947	2
0	46	20.97518705111	1
0	55	26.821423508615	0
0	72	34.025632856308	1
0	74	34.254766823037	2
0	77	34.847342007846	1
0	85	39.17993623256	0
0	94	40.371902245952	1
0	100	43.196227157028	2
0	102	44.29331500333	3
0	106	46.521855755613	4
0	108	48.553369511007	5
0	110	48.816588923544	6
0	112	48.992411249575	7
0	113	50.722852693858	6
0	119	50.806511977478	7
0	121	52.211248922832	6
0	128	52.345444280224	7
0	129	52.999830914785	6
0	136	56.618211823923	5
0	142	56.872434775114	6
0	144	57.080473784338	7
0	147	58.819681215324	6
0	153	58.874905075233	7
0	155	60.137876297261	6
0	160	60.186063433456	5
0	167	63.764811866402	4
0	177	69.978584366834	3
0	182	70.107303487567	2
0	189	73.938715783265	1
0	195	73.987779538911	2
0	197	74.87315304461	1
0	204	75.326762957642	2
0	205	75.809281877346	1
0	217	77.233079889376	0
0	248	89.902420888799	1
0	250	91.440423787636	2
0	251	91.647834654713	1
0	259	96.194552193662	0
0	270	96.740663856388	1
0	276	99.619582691032	2
1	0	0	0
2	0	0	0
2	5	0.542514817516	1
2	19	4.275500086219	2
2	37	14.263814684269	1
2	52	21.339405408182	2
2	60	27.093748358427	1
2	67	31.570981464352	2
2	68	33.553817907949	1
2	84	37.06188067611	2
2	90	39.344606315175	1
2	104	44.653761793717	2
2	135	54.204403418494	3
2	146	58.009607939333	4
2	176	66.182869207508	5
2	212	76.039807171191	6
2	216	76.742540223283	7
2	223	79.475740643471	6
2	228	81.307126380382	5
2	234	82.411645456827	6
2	235	82.46557528292	5
2	240	82.891443629553	4
2	244	85.161211692858	5
2	258	94.636771188146	6
2	265	96.425246989899	7
2	266	96.68779643587	6
2	272	97.736454951936	7
3	14	2.647125681843	2.222615153374
3	26	9.056364407368	8.261244854673
3	34	14.216213171531	12.557833626631
3	39	14.263814684269	7.442459384954
3	48	20.97518705111	20.432672233594
3	57	26.821423508615	11.181565762616
3	62	27.093748358427	10.95736032748
3	70	33.553817907949	29.27831782173
3	79	34.847342007846	13.507936599664
3	87	39.17993623256	5.154303376252
3	92	39.344606315175	5.089839492138
3	115	50.722852693858	19.151871229506
3	123	52.211248922832	11.83934667688
3	131	52.999830914785	9.803603757757
3	138	56.618211823923	12.324896820593
3	149	58.819681215324	12.297825459711
3	157	60.137876297261	11.584506786254
3	162	60.186063433456	11.369474509912
3	169	63.764811866402	14.772400616827
3	179	69.978584366834	19.172072389356
3	184	70.107303487567	17.761859207343
3	191	73.938715783265	17.066281008151
3	199	74.87315304461	17.792679260272
3	207	75.809281877346	16.934376802113
3	219	77.233079889376	3.245300350465
3	225	79.475740643471	4.148977685829
3	230	81.307126380382	44.245245704272
3	237	82.46557528292	37.811813489203
3	242	82.891443629553	28.687040211059
3	253	91.647834654713	33.63822671538
3	261	96.194552193662	6.292131304863
3	268	96.68779643587	5.247372648234
4	14	2.647125681843	2.222615153374
4	48	20.97518705111	20.432672233594
4	70	33.553817907949	29.27831782173
4	79	34.847342007846	13.507936599664
4	115	50.722852693858	19.151871229506
4	230	81.307126380382	44.245245704272
4	237	82.46557528292	37.811813489203
4	242	82.891443629553	28.687040211059
4	253	91.647834654713	33.63822671538
5	26	9.056364407368	8.261244854673
5	34	14.216213171531	12.557833626631
5	39	14.263814684269	7.442459384954
5	57	26.821423508615	11.181565762616
5	62	27.093748358427	10.95736032748
5	87	39.17993623256	5.154303376252
5	92	39.344606315175	5.089839492138
5	123	52.211248922832	11.83934667688
5	131	52.999830914785	9.803603757757
5	138	56.618211823923	12.324896820593
5	149	58.819681215324	12.297825459711
5	157	60.137876297261	11.584506786254
5	162	60.186063433456	11.369474509912
5	169	63.764811866402	14.772400616827
5	179	69.978584366834	19.172072389356
5	184	70.107303487567	17.761859207343
5	191	73.938715783265	17.066281008151
5	199	74.87315304461	17.792679260272
5	207	75.809281877346	16.934376802113
5	219	77.233079889376	3.245300350465
5	225	79.475740643471	4.148977685829
5	261	96.194552193662	6.292131304863
5	268	96.68779643587	5.247372648234

