version 2
run Third-n3-15-20191125-12:37:57-9244
attr configname Third-n3
attr datetime 20191125-12:37:57
attr experiment Third-n3
attr inifile omnetpp.ini
attr iterationvars ""
attr iterationvarsf ""
attr measurement ""
attr network org.omnetpp.queueing.Pizza
attr processid 9244
attr repetition 15
attr replication ""
attr resultdir results_no_transient
attr runnumber 15
attr seedset 15
param **.PS.maxInventoriedPS 3
param **.U1.interArrivalTime exponential(4s)
param **.U2.interArrivalTime exponential(6s)
param **.PS.serviceTimeForInventoryU1 exponential(1.4s)
param **.PS.serviceTimeForInventoryU2 exponential(1.4s)
param **.PS.serviceTimeDirectU1 exponential(1.8s)
param **.PS.serviceTimeDirectU2 exponential(1.8s)
param **.PS.probabilityProducing 0.8
param **.CS.serviceTimeU1 exponential(2.3s)
param **.CS.serviceTimeU2 exponential(2.3s)

vector 0 Pizza.EntryQueueU1 queueLength:vector ETV
attr interpolationmode sample-hold
attr title "queue length, vector"
vector 1 Pizza.CS queueLength:vector ETV
attr interpolationmode sample-hold
attr title "queue length, vector"
vector 2 Pizza.EntryQueueU2 queueLength:vector ETV
attr interpolationmode sample-hold
attr title "queue length, vector"
vector 3 Pizza.sink lifeTime:vector ETV
attr interpolationmode none
attr title "lifetime of arrived jobs, vector"
attr unit s
vector 4 Pizza.sink lifeTimeU1:vector ETV
attr interpolationmode none
attr title "lifetime of arrived jobs, vector"
attr unit s
vector 5 Pizza.sink lifeTimeU2:vector ETV
attr interpolationmode none
attr title "lifetime of arrived jobs, vector"
attr unit s
0	0	0	0
0	5	8.345496996421	1
0	7	8.569083940082	2
0	9	9.039654571862	3
0	17	10.834429848333	4
0	26	15.176464933403	3
0	32	15.925222711067	4
0	36	17.01754897767	3
0	41	17.438479864819	2
0	48	20.865667934469	1
0	54	23.95638713054	2
0	55	24.853955549672	1
0	60	25.064311219759	0
0	66	25.822263315463	1
0	67	26.70368002729	0
0	71	27.101271020792	1
0	73	28.13644393393	2
0	75	28.600093005041	3
0	77	31.197803994189	4
0	81	32.989602670887	3
0	88	33.700454706908	4
0	89	34.764372514088	3
0	94	37.008159300517	2
0	99	39.860495091202	1
0	103	40.583855316418	2
0	113	42.648832653359	3
0	114	43.19530998994	2
0	122	44.715003598677	1
0	127	44.786852194002	0
0	140	47.407505895538	1
0	142	48.277269380018	2
0	145	53.60458634084	1
0	151	54.095144807724	2
0	155	59.586782915444	1
0	161	59.991908744298	2
0	165	61.244336590631	3
0	167	63.100948118897	4
0	168	64.267794875521	3
0	174	64.583858312519	4
0	176	67.258253510755	3
0	184	67.680393899606	4
0	185	68.016922157324	3
0	191	70.144448097303	2
0	197	71.05793289065	1
0	204	71.317764154402	0
0	210	71.322067959256	1
0	211	73.645727900251	0
0	264	92.700771557776	1
0	266	95.464708620756	2
0	268	95.92942968958	3
0	271	97.776891989775	2
0	277	98.292192985571	1
0	283	99.340362516357	2
1	0	0	0
2	0	0	0
2	15	10.078533028402	1
2	20	12.257057425381	2
2	23	13.982341973524	3
2	25	14.180553389232	4
2	34	16.02090162056	5
2	105	41.001066176685	6
2	121	43.368519132947	7
2	132	45.15607124072	6
2	144	51.208098029621	7
2	154	58.121053887224	8
2	182	67.536576265223	9
2	218	74.459468964845	10
2	219	75.469819701067	9
2	224	75.783765696028	8
2	229	75.908871954032	7
2	234	76.901130653827	6
2	240	80.421460274246	5
2	244	81.626577977613	6
2	248	85.97657704397	7
2	249	88.141007255535	6
2	254	88.549529222586	5
2	258	89.805002426277	6
2	260	90.25161890316	7
2	270	97.238544047826	8
3	28	15.176464933403	7.619389574444
3	38	17.01754897767	8.672051981249
3	43	17.438479864819	8.869395924737
3	50	20.865667934469	11.826013362607
3	57	24.853955549672	14.019525701339
3	62	25.064311219759	9.139088508692
3	69	26.70368002729	2.74729289675
3	83	32.989602670887	7.167339355424
3	91	34.764372514088	7.663101493296
3	96	37.008159300517	8.871715366587
3	101	39.860495091202	11.260402086161
3	116	43.19530998994	11.997505995751
3	124	44.715003598677	11.014548891769
3	129	44.786852194002	4.202996877584
3	134	45.15607124072	2.507238587361
3	147	53.60458634084	43.526053312438
3	157	59.586782915444	12.179277019906
3	170	64.267794875521	15.990525495503
3	178	67.258253510755	13.163108703031
3	187	68.016922157324	8.025013413026
3	193	70.144448097303	8.900111506672
3	199	71.05793289065	7.956984771753
3	206	71.317764154402	6.733905841883
3	213	73.645727900251	5.965334000645
3	221	75.469819701067	4.147751741811
3	226	75.783765696028	63.526708270647
3	231	75.908871954032	61.926529980508
3	236	76.901130653827	62.720577264595
3	242	80.421460274246	64.400558653686
3	251	88.141007255535	47.13994107885
3	256	88.549529222586	45.181010089639
3	273	97.776891989775	46.568793960154
3	279	98.292192985571	5.591421427795
4	28	15.176464933403	7.619389574444
4	38	17.01754897767	8.672051981249
4	43	17.438479864819	8.869395924737
4	50	20.865667934469	11.826013362607
4	57	24.853955549672	14.019525701339
4	62	25.064311219759	9.139088508692
4	69	26.70368002729	2.74729289675
4	83	32.989602670887	7.167339355424
4	91	34.764372514088	7.663101493296
4	96	37.008159300517	8.871715366587
4	101	39.860495091202	11.260402086161
4	116	43.19530998994	11.997505995751
4	124	44.715003598677	11.014548891769
4	129	44.786852194002	4.202996877584
4	134	45.15607124072	2.507238587361
4	157	59.586782915444	12.179277019906
4	170	64.267794875521	15.990525495503
4	178	67.258253510755	13.163108703031
4	187	68.016922157324	8.025013413026
4	193	70.144448097303	8.900111506672
4	199	71.05793289065	7.956984771753
4	206	71.317764154402	6.733905841883
4	213	73.645727900251	5.965334000645
4	221	75.469819701067	4.147751741811
4	279	98.292192985571	5.591421427795
5	147	53.60458634084	43.526053312438
5	226	75.783765696028	63.526708270647
5	231	75.908871954032	61.926529980508
5	236	76.901130653827	62.720577264595
5	242	80.421460274246	64.400558653686
5	251	88.141007255535	47.13994107885
5	256	88.549529222586	45.181010089639
5	273	97.776891989775	46.568793960154

