version 2
run Third-n3-10-20191125-12:37:51-6856
attr configname Third-n3
attr datetime 20191125-12:37:51
attr experiment Third-n3
attr inifile omnetpp.ini
attr iterationvars ""
attr iterationvarsf ""
attr measurement ""
attr network org.omnetpp.queueing.Pizza
attr processid 6856
attr repetition 10
attr replication ""
attr resultdir results_no_transient
attr runnumber 10
attr seedset 10
param **.PS.maxInventoriedPS 3
param **.U1.interArrivalTime exponential(4s)
param **.U2.interArrivalTime exponential(6s)
param **.PS.serviceTimeForInventoryU1 exponential(1.4s)
param **.PS.serviceTimeForInventoryU2 exponential(1.4s)
param **.PS.serviceTimeDirectU1 exponential(1.8s)
param **.PS.serviceTimeDirectU2 exponential(1.8s)
param **.PS.probabilityProducing 0.8
param **.CS.serviceTimeU1 exponential(2.3s)
param **.CS.serviceTimeU2 exponential(2.3s)

vector 0 Pizza.EntryQueueU1 queueLength:vector ETV
attr interpolationmode sample-hold
attr title "queue length, vector"
vector 1 Pizza.CS queueLength:vector ETV
attr interpolationmode sample-hold
attr title "queue length, vector"
vector 2 Pizza.EntryQueueU2 queueLength:vector ETV
attr interpolationmode sample-hold
attr title "queue length, vector"
vector 3 Pizza.sink lifeTime:vector ETV
attr interpolationmode none
attr title "lifetime of arrived jobs, vector"
attr unit s
vector 4 Pizza.sink lifeTimeU2:vector ETV
attr interpolationmode none
attr title "lifetime of arrived jobs, vector"
attr unit s
vector 5 Pizza.sink lifeTimeU1:vector ETV
attr interpolationmode none
attr title "lifetime of arrived jobs, vector"
attr unit s
0	0	0	0
0	10	5.901737779903	1
0	14	6.920257362895	2
0	15	7.459240497746	1
0	21	8.163007600122	0
0	36	12.637577780978	1
0	37	15.905185338345	0
0	49	19.336064886412	1
0	52	21.269086107172	0
0	76	28.836251240849	1
0	78	29.107496667546	2
0	79	30.02975989134	1
0	89	33.311327008271	2
0	90	33.365015873609	1
0	96	35.251433795215	0
0	118	42.883506163654	1
0	120	43.403732024695	2
0	124	46.576363713719	3
0	126	47.173996319226	4
0	127	47.567488757352	3
0	133	48.061311680693	4
0	135	49.794626380486	5
0	140	51.277594676274	6
0	141	51.670068643667	5
0	147	52.681284777885	6
0	149	54.256488207932	7
0	154	56.776451270159	8
0	157	58.180749318938	9
0	159	58.743737866507	10
0	162	61.044339914243	9
0	167	62.159136398006	8
0	172	63.477791598768	7
0	178	64.879333438654	6
0	185	65.627577436813	7
0	186	67.263153451522	6
0	194	69.314959033158	5
0	201	69.691486542449	6
0	204	70.153321472308	5
0	209	70.247114337343	4
0	216	71.297693511276	5
0	217	71.357249957748	4
0	224	73.369082860521	3
0	231	75.345500004161	4
0	235	77.507267181014	5
0	236	78.209494277697	4
0	241	78.541891878879	3
0	246	79.241330436775	2
0	254	80.8652354591	1
0	260	81.228598248984	2
0	262	83.378208157237	1
0	269	84.175017654476	0
0	275	84.562900192132	1
0	288	92.617265007935	2
0	289	93.040729854347	1
0	299	95.025798495828	0
0	321	99.838365553499	1
0	323	99.989565207614	2
1	0	0	0
2	0	0	0
2	5	2.255262173034	1
2	27	8.280229921312	2
2	30	10.811316452125	1
2	42	15.976704137296	0
2	67	26.676301392801	1
2	69	27.34458518844	2
2	70	28.374277247081	1
2	87	33.114934382646	2
2	102	36.469603669736	1
2	108	38.794557849304	2
2	109	40.527332315108	1
2	114	41.86086332026	0
2	138	50.300249113379	1
2	152	55.761837048718	2
2	161	58.75254455228	3
2	203	69.854647622273	4
2	233	76.326887007698	5
2	268	83.658315000547	6
2	277	84.567270785416	7
2	281	87.057708066505	8
2	283	87.729555847141	9
2	286	91.216763518692	10
2	295	93.515517762115	11
2	298	94.100242892575	12
2	305	96.462405907148	11
2	310	96.737330050181	10
2	315	98.543032512559	9
3	17	7.459240497746	5.329800090463
3	23	8.163007600122	2.261269820219
3	32	10.811316452125	3.89105908923
3	39	15.905185338345	13.649923165311
3	44	15.976704137296	3.339126356318
3	54	21.269086107172	12.98885618586
3	58	22.343996537312	3.0079316509
3	72	28.374277247081	4.023097427599
3	81	30.02975989134	3.353458498539
3	92	33.365015873609	4.52876463276
3	98	35.251433795215	6.143937127669
3	104	36.469603669736	3.158276661465
3	111	40.527332315108	13.182747126668
3	116	41.86086332026	8.745928937614
3	129	47.567488757352	8.772930908048
3	143	51.670068643667	8.786562480013
3	164	61.044339914243	17.640607889548
3	169	62.159136398006	15.582772684287
3	174	63.477791598768	16.303795279542
3	180	64.879333438654	16.818021757961
3	188	67.263153451522	17.468527071036
3	196	69.314959033158	18.037364356884
3	206	70.153321472308	17.472036694423
3	211	70.247114337343	15.990626129411
3	219	71.357249957748	14.580798687589
3	226	73.369082860521	15.188333541583
3	238	78.209494277697	19.46575641119
3	243	78.541891878879	12.914314442066
3	248	79.241330436775	9.549843894326
3	256	80.8652354591	9.567541947824
3	264	83.378208157237	8.032708153076
3	271	84.175017654476	6.667750473462
3	291	93.040729854347	11.812131605363
3	301	95.025798495828	10.462898303696
3	307	96.462405907148	3.845140899213
3	312	96.737330050181	46.437080936802
3	317	98.543032512559	42.781195463841
4	17	7.459240497746	5.329800090463
4	39	15.905185338345	13.649923165311
4	54	21.269086107172	12.98885618586
4	81	30.02975989134	3.353458498539
4	111	40.527332315108	13.182747126668
4	116	41.86086332026	8.745928937614
4	129	47.567488757352	8.772930908048
4	312	96.737330050181	46.437080936802
4	317	98.543032512559	42.781195463841
5	23	8.163007600122	2.261269820219
5	32	10.811316452125	3.89105908923
5	44	15.976704137296	3.339126356318
5	58	22.343996537312	3.0079316509
5	72	28.374277247081	4.023097427599
5	92	33.365015873609	4.52876463276
5	98	35.251433795215	6.143937127669
5	104	36.469603669736	3.158276661465
5	143	51.670068643667	8.786562480013
5	164	61.044339914243	17.640607889548
5	169	62.159136398006	15.582772684287
5	174	63.477791598768	16.303795279542
5	180	64.879333438654	16.818021757961
5	188	67.263153451522	17.468527071036
5	196	69.314959033158	18.037364356884
5	206	70.153321472308	17.472036694423
5	211	70.247114337343	15.990626129411
5	219	71.357249957748	14.580798687589
5	226	73.369082860521	15.188333541583
5	238	78.209494277697	19.46575641119
5	243	78.541891878879	12.914314442066
5	248	79.241330436775	9.549843894326
5	256	80.8652354591	9.567541947824
5	264	83.378208157237	8.032708153076
5	271	84.175017654476	6.667750473462
5	291	93.040729854347	11.812131605363
5	301	95.025798495828	10.462898303696
5	307	96.462405907148	3.845140899213

