version 2
run Third-n3-3-20191125-12:37:43-8660
attr configname Third-n3
attr datetime 20191125-12:37:43
attr experiment Third-n3
attr inifile omnetpp.ini
attr iterationvars ""
attr iterationvarsf ""
attr measurement ""
attr network org.omnetpp.queueing.Pizza
attr processid 8660
attr repetition 3
attr replication ""
attr resultdir results_no_transient
attr runnumber 3
attr seedset 3
param **.PS.maxInventoriedPS 3
param **.U1.interArrivalTime exponential(4s)
param **.U2.interArrivalTime exponential(6s)
param **.PS.serviceTimeForInventoryU1 exponential(1.4s)
param **.PS.serviceTimeForInventoryU2 exponential(1.4s)
param **.PS.serviceTimeDirectU1 exponential(1.8s)
param **.PS.serviceTimeDirectU2 exponential(1.8s)
param **.PS.probabilityProducing 0.8
param **.CS.serviceTimeU1 exponential(2.3s)
param **.CS.serviceTimeU2 exponential(2.3s)

vector 0 Pizza.EntryQueueU1 queueLength:vector ETV
attr interpolationmode sample-hold
attr title "queue length, vector"
vector 1 Pizza.CS queueLength:vector ETV
attr interpolationmode sample-hold
attr title "queue length, vector"
vector 2 Pizza.EntryQueueU2 queueLength:vector ETV
attr interpolationmode sample-hold
attr title "queue length, vector"
vector 3 Pizza.sink lifeTime:vector ETV
attr interpolationmode none
attr title "lifetime of arrived jobs, vector"
attr unit s
vector 4 Pizza.sink lifeTimeU2:vector ETV
attr interpolationmode none
attr title "lifetime of arrived jobs, vector"
attr unit s
vector 5 Pizza.sink lifeTimeU1:vector ETV
attr interpolationmode none
attr title "lifetime of arrived jobs, vector"
attr unit s
0	0	0	0
0	5	3.20112956357	1
0	9	4.576191196757	2
0	11	5.675626581148	1
0	16	5.771028807239	0
0	45	13.513914581795	1
0	49	15.519746693095	0
0	92	37.000940549699	1
0	93	41.765748610063	0
0	106	43.621385496995	1
0	107	46.416162711942	0
0	121	47.905576605532	1
0	122	48.788507384685	0
0	128	49.16023317492	1
0	130	49.311402099908	0
0	139	51.607876549802	1
0	144	53.482293245679	2
0	147	54.022955694407	1
0	155	54.402011040286	2
0	156	55.682678899471	1
0	162	56.717565675871	0
0	168	57.045393463183	1
0	169	58.123458815934	0
0	183	61.744252527753	1
0	189	63.405397220197	2
0	190	63.651180910366	1
0	195	63.797238380649	0
0	201	66.354665786599	1
0	208	67.894346430448	2
0	209	72.636436872582	1
0	215	73.042882102519	2
0	222	76.674821165805	3
0	224	76.976139090728	4
0	226	78.275310987294	5
0	227	78.389661991734	4
0	234	79.162768592487	5
0	236	83.88184907716	6
0	238	84.435652057342	7
0	239	89.05189143445	6
0	245	89.530353343015	5
0	251	90.015217375385	6
0	256	91.614569402876	7
0	257	92.162666146987	6
0	264	94.60169804652	7
0	270	97.989547332227	8
0	271	98.173819960257	7
1	0	0	0
2	0	0	0
2	28	8.011139297676	1
2	31	8.670361805744	0
2	43	11.818817273865	1
2	56	16.729094787522	2
2	57	18.236867520825	1
2	62	20.209894807005	0
2	66	20.212869043118	1
2	69	25.539134243294	0
2	82	28.71748039836	1
2	84	28.842460079573	2
2	86	34.395035217874	1
2	100	42.857801519845	0
2	137	51.219525862455	1
2	142	53.173719801674	2
2	146	53.642787225736	3
2	174	58.997949711112	2
2	179	61.534910504304	1
2	185	62.21996507558	2
2	205	66.880698033852	3
2	217	73.18781112759	4
2	220	74.579147252561	5
2	253	90.179661265154	6
2	266	94.852148850553	7
3	13	5.675626581148	5.235523953362
3	18	5.771028807239	2.569899243669
3	23	6.414966327788	1.838775131031
3	33	8.670361805744	0.841212106507
3	37	10.818502089624	2.807362791948
3	51	15.519746693095	3.846574201849
3	59	18.236867520825	4.72295293903
3	64	20.209894807005	8.39107753314
3	71	25.539134243294	8.810039455772
3	75	26.774828973731	6.561959930613
3	88	34.395035217874	6.336235069516
3	95	41.765748610063	13.048268211703
3	102	42.857801519845	5.856860970146
3	109	46.416162711942	17.573702632369
3	113	46.469957344074	2.848571847079
3	124	48.788507384685	1.902781091922
3	132	49.311402099908	1.405825494376
3	149	54.022955694407	4.862722519487
3	158	55.682678899471	4.074802349669
3	164	56.717565675871	3.235272430192
3	171	58.123458815934	3.721447775648
3	176	58.997949711112	1.952556247929
3	181	61.534910504304	10.315384641849
3	192	63.651180910366	10.477461108692
3	197	63.797238380649	2.052985852896
3	211	72.636436872582	9.231039652385
3	229	78.389661991734	12.034996205135
3	241	89.05189143445	21.157545004002
3	247	89.530353343015	16.487471240496
3	259	92.162666146987	15.487844981182
3	273	98.173819960257	21.197680869529
4	13	5.675626581148	5.235523953362
4	33	8.670361805744	0.841212106507
4	37	10.818502089624	2.807362791948
4	51	15.519746693095	3.846574201849
4	64	20.209894807005	8.39107753314
4	71	25.539134243294	8.810039455772
4	75	26.774828973731	6.561959930613
4	95	41.765748610063	13.048268211703
4	109	46.416162711942	17.573702632369
4	181	61.534910504304	10.315384641849
4	192	63.651180910366	10.477461108692
5	18	5.771028807239	2.569899243669
5	23	6.414966327788	1.838775131031
5	59	18.236867520825	4.72295293903
5	88	34.395035217874	6.336235069516
5	102	42.857801519845	5.856860970146
5	113	46.469957344074	2.848571847079
5	124	48.788507384685	1.902781091922
5	132	49.311402099908	1.405825494376
5	149	54.022955694407	4.862722519487
5	158	55.682678899471	4.074802349669
5	164	56.717565675871	3.235272430192
5	171	58.123458815934	3.721447775648
5	176	58.997949711112	1.952556247929
5	197	63.797238380649	2.052985852896
5	211	72.636436872582	9.231039652385
5	229	78.389661991734	12.034996205135
5	241	89.05189143445	21.157545004002
5	247	89.530353343015	16.487471240496
5	259	92.162666146987	15.487844981182
5	273	98.173819960257	21.197680869529

