version 2
run Third-n3-18-20191125-12:38:02-4592
attr configname Third-n3
attr datetime 20191125-12:38:02
attr experiment Third-n3
attr inifile omnetpp.ini
attr iterationvars ""
attr iterationvarsf ""
attr measurement ""
attr network org.omnetpp.queueing.Pizza
attr processid 4592
attr repetition 18
attr replication ""
attr resultdir results_no_transient
attr runnumber 18
attr seedset 18
param **.PS.maxInventoriedPS 3
param **.U1.interArrivalTime exponential(4s)
param **.U2.interArrivalTime exponential(6s)
param **.PS.serviceTimeForInventoryU1 exponential(1.4s)
param **.PS.serviceTimeForInventoryU2 exponential(1.4s)
param **.PS.serviceTimeDirectU1 exponential(1.8s)
param **.PS.serviceTimeDirectU2 exponential(1.8s)
param **.PS.probabilityProducing 0.8
param **.CS.serviceTimeU1 exponential(2.3s)
param **.CS.serviceTimeU2 exponential(2.3s)

vector 0 Pizza.EntryQueueU1 queueLength:vector ETV
attr interpolationmode sample-hold
attr title "queue length, vector"
vector 1 Pizza.CS queueLength:vector ETV
attr interpolationmode sample-hold
attr title "queue length, vector"
vector 2 Pizza.EntryQueueU2 queueLength:vector ETV
attr interpolationmode sample-hold
attr title "queue length, vector"
vector 3 Pizza.sink lifeTime:vector ETV
attr interpolationmode none
attr title "lifetime of arrived jobs, vector"
attr unit s
vector 4 Pizza.sink lifeTimeU2:vector ETV
attr interpolationmode none
attr title "lifetime of arrived jobs, vector"
attr unit s
vector 5 Pizza.sink lifeTimeU1:vector ETV
attr interpolationmode none
attr title "lifetime of arrived jobs, vector"
attr unit s
0	0	0	0
0	17	5.116053541883	1
0	21	7.342774285581	2
0	22	7.383017765291	1
0	27	8.333070114209	0
0	49	14.921397937876	1
0	52	16.548134460433	0
0	59	18.160601728862	1
0	60	18.241007979793	0
0	80	24.889667167043	1
0	81	25.644050497305	0
0	97	30.844795470392	1
0	100	33.40081282163	0
0	113	37.26254756879	1
0	118	39.480213128227	0
0	144	45.342369341566	1
0	146	46.326543983432	2
0	159	47.306667482945	3
0	161	48.919763859465	4
0	163	53.54511441958	5
0	166	56.811637065993	4
0	172	57.732820753045	3
0	177	59.015894949244	2
0	184	59.438800541824	3
0	190	65.166946280666	4
0	192	66.376655222073	5
0	195	69.147837105633	4
0	200	69.183417522976	3
0	205	69.266239403878	2
0	210	69.83264986666	1
0	216	71.089205814613	2
0	218	71.672240448459	3
0	220	72.870197225663	2
0	226	73.238633517613	1
0	233	74.461462656124	2
0	234	75.70531926797	1
0	240	79.163222619478	2
0	241	80.835500528896	1
0	246	82.484841120879	0
0	258	84.619492978716	1
0	260	84.89792215342	0
0	272	86.350345475774	1
0	273	86.965476505651	0
0	280	89.122303515111	1
0	281	90.39573371959	0
0	288	92.53943337243	1
0	289	92.868404414487	0
0	297	95.614927656628	1
0	299	96.384860442472	2
0	303	99.485284868324	3
1	0	0	0
2	0	0	0
2	13	4.699012251547	1
2	15	4.7684529154	2
2	31	11.349965285439	3
2	34	11.764281548643	2
2	43	14.085809473395	1
2	51	16.204150641556	2
2	66	18.948260438136	1
2	71	21.474611156558	0
2	78	23.421103904429	1
2	87	25.732309898093	2
2	88	26.47071408475	1
2	93	30.668813825467	0
2	108	36.961660743551	1
2	109	37.15179434428	0
2	115	38.018021597408	1
2	124	41.073051331901	0
2	139	42.706543750139	1
2	140	43.569297107139	0
2	148	46.513143367196	1
2	152	46.730764500448	2
2	154	47.072988711047	3
2	156	47.13945565372	4
2	165	55.538696208064	5
2	186	59.88830667239	6
2	194	66.568020729932	7
2	252	83.883518348101	8
2	255	84.377945689522	9
2	265	85.521046280742	8
2	301	99.190993560719	9
3	8	1.95605794728	1.481728780304
3	24	7.383017765291	3.179449910411
3	29	8.333070114209	3.217016572326
3	36	11.764281548643	4.421507263062
3	45	14.085809473395	9.386797221848
3	54	16.548134460433	11.779681545033
3	62	18.241007979793	3.319610041917
3	68	18.948260438136	0.787658709274
3	73	21.474611156558	10.124645871119
3	83	25.644050497305	9.439899855749
3	90	26.47071408475	1.581046917707
3	95	30.668813825467	7.247709921038
3	102	33.40081282163	7.668502923537
3	111	37.15179434428	6.306998873888
3	120	39.480213128227	2.518552384676
3	126	41.073051331901	3.810503763111
3	130	41.661086752906	3.643065155498
3	142	43.569297107139	0.961363950491
3	168	56.811637065993	14.105093315854
3	174	57.732820753045	12.390451411479
3	179	59.015894949244	12.689350965812
3	197	69.147837105633	21.841169622688
3	202	69.183417522976	20.263653663511
3	207	69.266239403878	15.721124984298
3	212	69.83264986666	10.393849324836
3	222	72.870197225663	7.703250944997
3	228	73.238633517613	6.86197829554
3	236	75.70531926797	4.616113453357
3	243	80.835500528896	9.163260080437
3	248	82.484841120879	8.023378464755
3	262	84.89792215342	5.734699533942
3	267	85.521046280742	0.901553302026
3	275	86.965476505651	40.452333138455
3	283	90.39573371959	4.045388243816
3	291	92.868404414487	3.746100899376
4	8	1.95605794728	1.481728780304
4	45	14.085809473395	9.386797221848
4	54	16.548134460433	11.779681545033
4	73	21.474611156558	10.124645871119
4	83	25.644050497305	9.439899855749
4	95	30.668813825467	7.247709921038
4	102	33.40081282163	7.668502923537
4	120	39.480213128227	2.518552384676
4	130	41.661086752906	3.643065155498
4	142	43.569297107139	0.961363950491
4	168	56.811637065993	14.105093315854
4	275	86.965476505651	40.452333138455
5	24	7.383017765291	3.179449910411
5	29	8.333070114209	3.217016572326
5	36	11.764281548643	4.421507263062
5	62	18.241007979793	3.319610041917
5	68	18.948260438136	0.787658709274
5	90	26.47071408475	1.581046917707
5	111	37.15179434428	6.306998873888
5	126	41.073051331901	3.810503763111
5	174	57.732820753045	12.390451411479
5	179	59.015894949244	12.689350965812
5	197	69.147837105633	21.841169622688
5	202	69.183417522976	20.263653663511
5	207	69.266239403878	15.721124984298
5	212	69.83264986666	10.393849324836
5	222	72.870197225663	7.703250944997
5	228	73.238633517613	6.86197829554
5	236	75.70531926797	4.616113453357
5	243	80.835500528896	9.163260080437
5	248	82.484841120879	8.023378464755
5	262	84.89792215342	5.734699533942
5	267	85.521046280742	0.901553302026
5	283	90.39573371959	4.045388243816
5	291	92.868404414487	3.746100899376

