version 2
run Third-n5-15-20191125-12:38:11-4984
attr configname Third-n5
attr datetime 20191125-12:38:11
attr experiment Third-n5
attr inifile omnetpp.ini
attr iterationvars ""
attr iterationvarsf ""
attr measurement ""
attr network org.omnetpp.queueing.Pizza
attr processid 4984
attr repetition 15
attr replication ""
attr resultdir results_no_transient
attr runnumber 15
attr seedset 15
param **.PS.maxInventoriedPS 5
param **.U1.interArrivalTime exponential(4s)
param **.U2.interArrivalTime exponential(6s)
param **.PS.serviceTimeForInventoryU1 exponential(1.4s)
param **.PS.serviceTimeForInventoryU2 exponential(1.4s)
param **.PS.serviceTimeDirectU1 exponential(1.8s)
param **.PS.serviceTimeDirectU2 exponential(1.8s)
param **.PS.probabilityProducing 0.8
param **.CS.serviceTimeU1 exponential(2.3s)
param **.CS.serviceTimeU2 exponential(2.3s)

vector 0 Pizza.EntryQueueU1 queueLength:vector ETV
attr interpolationmode sample-hold
attr title "queue length, vector"
vector 1 Pizza.CS queueLength:vector ETV
attr interpolationmode sample-hold
attr title "queue length, vector"
vector 2 Pizza.EntryQueueU2 queueLength:vector ETV
attr interpolationmode sample-hold
attr title "queue length, vector"
vector 3 Pizza.sink lifeTime:vector ETV
attr interpolationmode none
attr title "lifetime of arrived jobs, vector"
attr unit s
vector 4 Pizza.sink lifeTimeU1:vector ETV
attr interpolationmode none
attr title "lifetime of arrived jobs, vector"
attr unit s
vector 5 Pizza.sink lifeTimeU2:vector ETV
attr interpolationmode none
attr title "lifetime of arrived jobs, vector"
attr unit s
0	0	0	0
0	5	8.345496996421	1
0	7	8.569083940082	2
0	9	9.039654571862	3
0	17	10.834429848333	4
0	26	15.176464933403	3
0	32	15.925222711067	4
0	36	17.01754897767	3
0	41	17.438479864819	2
0	50	20.865667934469	1
0	57	22.341015346614	0
0	70	23.95638713054	1
0	71	25.612473951489	0
0	83	29.16883409245	1
0	85	30.981129405492	2
0	86	31.345199145158	1
0	93	33.712472203158	0
0	105	38.766977331051	1
0	107	39.099052307146	2
0	108	39.119140693347	1
0	113	39.306749436274	0
0	140	43.462112793838	1
0	144	45.124181924826	2
0	146	46.091024611263	3
0	150	46.960788095743	4
0	153	50.877163272368	3
0	159	51.569425334145	4
0	160	51.827095832182	3
0	169	56.508107792259	2
0	176	56.744645409563	1
0	183	57.846440252811	2
0	184	58.159508407047	1
0	190	59.165863985974	2
0	191	59.433455926847	1
0	197	59.933356607117	2
0	205	63.143821535458	3
0	207	63.192152848647	4
0	208	63.427208829388	3
0	215	65.755172575237	2
0	221	67.579264376053	1
0	226	68.189797647734	0
0	239	69.158306914438	1
0	241	70.760307861147	2
0	243	71.232717690532	1
0	248	72.004828751637	0
0	259	72.624248109202	1
0	260	72.782402274077	0
0	273	77.282198205646	1
0	276	78.168129690228	2
0	277	79.464564398673	1
0	284	79.973898631298	2
0	286	82.903977366403	1
0	292	83.796106180008	2
0	295	88.673304345597	1
0	301	91.282351091124	0
0	321	94.808032276865	1
0	323	94.812405170328	2
1	0	0	0
2	0	0	0
2	15	10.078533028402	1
2	20	12.257057425381	2
2	23	13.982341973524	3
2	25	14.180553389232	4
2	34	16.02090162056	5
2	64	23.834699165374	4
2	77	27.38724379469	3
2	99	34.850939140397	2
2	118	39.71873511453	1
2	126	41.001066176685	2
2	128	41.188497294924	3
2	129	41.310639940264	2
2	133	42.976636433834	3
2	136	43.270589636059	2
2	142	43.939816555708	3
2	148	46.340586233207	4
2	168	55.067399374766	5
2	175	56.537513276008	6
2	201	62.388209158999	7
2	214	63.882051457511	8
2	233	69.022186612384	7
2	253	72.521991305613	6
2	265	74.371666085291	5
2	306	91.303247821561	4
2	311	92.20413321014	3
2	317	93.879809677906	2
2	327	95.950106855291	3
3	28	15.176464933403	7.619389574444
3	38	17.01754897767	8.672051981249
3	43	17.438479864819	8.869395924737
3	52	20.865667934469	11.826013362607
3	59	22.341015346614	11.506585498281
3	66	23.834699165374	7.909476454307
3	73	25.612473951489	15.533940923087
3	79	27.38724379469	3.43085666415
3	88	31.345199145158	19.088141719777
3	95	33.712472203158	4.543638110708
3	101	34.850939140397	3.869809734905
3	110	39.119140693347	25.136798719823
3	115	39.306749436274	0.539772105223
3	120	39.71873511453	0.619682807384
3	131	41.310639940264	27.130086551032
3	138	43.270589636059	27.249688015499
3	155	50.877163272368	9.876097095683
3	162	51.827095832182	8.364983038344
3	171	56.508107792259	11.383925867433
3	178	56.744645409563	10.6536207983
3	186	58.159508407047	11.198720311304
3	193	59.433455926847	7.864030592702
3	210	63.427208829388	5.580768576577
3	217	65.755172575237	6.589308589263
3	223	67.579264376053	7.645907768936
3	228	68.189797647734	5.045976112276
3	235	69.022186612384	5.830033763737
3	245	71.232717690532	30.044220395608
3	250	72.004828751637	2.846521837199
3	255	72.521991305613	1.761683444466
3	262	72.782402274077	29.805765840243
3	267	74.371666085291	1.747417976089
3	279	79.464564398673	35.524747842965
3	288	82.903977366403	5.621779160757
3	297	88.673304345597	10.505174655369
3	303	91.282351091124	11.308452459826
3	308	91.303247821561	7.507141641553
3	313	92.20413321014	45.863546976933
3	319	93.879809677906	38.81241030314
4	28	15.176464933403	7.619389574444
4	38	17.01754897767	8.672051981249
4	43	17.438479864819	8.869395924737
4	52	20.865667934469	11.826013362607
4	59	22.341015346614	11.506585498281
4	66	23.834699165374	7.909476454307
4	79	27.38724379469	3.43085666415
4	95	33.712472203158	4.543638110708
4	101	34.850939140397	3.869809734905
4	115	39.306749436274	0.539772105223
4	120	39.71873511453	0.619682807384
4	162	51.827095832182	8.364983038344
4	171	56.508107792259	11.383925867433
4	178	56.744645409563	10.6536207983
4	186	58.159508407047	11.198720311304
4	193	59.433455926847	7.864030592702
4	210	63.427208829388	5.580768576577
4	217	65.755172575237	6.589308589263
4	223	67.579264376053	7.645907768936
4	228	68.189797647734	5.045976112276
4	235	69.022186612384	5.830033763737
4	250	72.004828751637	2.846521837199
4	255	72.521991305613	1.761683444466
4	267	74.371666085291	1.747417976089
4	288	82.903977366403	5.621779160757
4	297	88.673304345597	10.505174655369
4	303	91.282351091124	11.308452459826
4	308	91.303247821561	7.507141641553
5	73	25.612473951489	15.533940923087
5	88	31.345199145158	19.088141719777
5	110	39.119140693347	25.136798719823
5	131	41.310639940264	27.130086551032
5	138	43.270589636059	27.249688015499
5	155	50.877163272368	9.876097095683
5	245	71.232717690532	30.044220395608
5	262	72.782402274077	29.805765840243
5	279	79.464564398673	35.524747842965
5	313	92.20413321014	45.863546976933
5	319	93.879809677906	38.81241030314

