version 2
run Third-n5-9-20191125-12:38:00-6668
attr configname Third-n5
attr datetime 20191125-12:38:00
attr experiment Third-n5
attr inifile omnetpp.ini
attr iterationvars ""
attr iterationvarsf ""
attr measurement ""
attr network org.omnetpp.queueing.Pizza
attr processid 6668
attr repetition 9
attr replication ""
attr resultdir results_no_transient
attr runnumber 9
attr seedset 9
param **.PS.maxInventoriedPS 5
param **.U1.interArrivalTime exponential(4s)
param **.U2.interArrivalTime exponential(6s)
param **.PS.serviceTimeForInventoryU1 exponential(1.4s)
param **.PS.serviceTimeForInventoryU2 exponential(1.4s)
param **.PS.serviceTimeDirectU1 exponential(1.8s)
param **.PS.serviceTimeDirectU2 exponential(1.8s)
param **.PS.probabilityProducing 0.8
param **.CS.serviceTimeU1 exponential(2.3s)
param **.CS.serviceTimeU2 exponential(2.3s)

vector 0 Pizza.EntryQueueU1 queueLength:vector ETV
attr interpolationmode sample-hold
attr title "queue length, vector"
vector 1 Pizza.CS queueLength:vector ETV
attr interpolationmode sample-hold
attr title "queue length, vector"
vector 2 Pizza.EntryQueueU2 queueLength:vector ETV
attr interpolationmode sample-hold
attr title "queue length, vector"
vector 3 Pizza.sink lifeTime:vector ETV
attr interpolationmode none
attr title "lifetime of arrived jobs, vector"
attr unit s
vector 4 Pizza.sink lifeTimeU1:vector ETV
attr interpolationmode none
attr title "lifetime of arrived jobs, vector"
attr unit s
vector 5 Pizza.sink lifeTimeU2:vector ETV
attr interpolationmode none
attr title "lifetime of arrived jobs, vector"
attr unit s
0	0	0	0
0	18	2.829327048168	1
0	22	3.694618899783	0
0	28	5.559378860882	1
0	30	5.717455128216	2
0	31	6.74611145567	1
0	37	8.702052029328	0
0	53	19.473560356322	1
0	54	21.424267238493	0
0	63	23.555370858265	1
0	71	27.915302724402	0
0	96	39.938974061885	1
0	97	42.028332393508	0
0	114	45.618841681215	1
0	116	46.222868942788	2
0	117	47.104718044583	1
0	123	48.510521516571	2
0	125	49.340383124476	3
0	130	55.959638097655	2
0	135	56.052222883351	1
0	140	56.152955769216	0
0	166	59.962473683339	1
0	167	60.145040781073	0
0	194	70.461135452482	1
0	196	72.140234881765	2
0	198	72.158532050033	3
0	199	72.846777670286	2
0	206	74.507287975432	3
0	207	75.854542355673	2
0	213	76.048498619579	3
0	215	76.198359664224	4
0	216	76.416116238408	3
0	222	77.255821784748	4
0	223	78.094429218096	3
0	232	79.406681925537	4
0	235	81.050986656867	5
0	237	82.257511602079	4
0	246	84.300660354776	5
0	252	87.555372654181	6
0	253	90.384618825638	5
0	260	91.372718891595	6
0	261	92.316400986951	5
0	266	94.100295813878	4
0	272	94.860452141326	3
0	281	97.16027162617	2
0	287	97.575968740458	3
0	289	97.605218451423	4
0	293	98.821945403383	5
0	295	99.514718718318	6
1	0	0	0
2	0	0	0
2	21	3.614961514781	1
2	45	15.629668500515	0
2	49	16.264925988113	1
2	60	23.378554686722	2
2	66	26.200586490886	3
2	68	27.315935112262	4
2	70	27.811765540058	5
2	76	29.468417565756	4
2	83	32.22915485881	5
2	84	34.004185185556	4
2	89	35.014255989153	3
2	102	42.206429081027	2
2	108	44.375302225334	1
2	129	55.887312028384	2
2	148	57.577426057592	1
2	154	57.9366743621	2
2	155	58.207445292172	1
2	160	58.875052126972	0
2	183	67.431928245841	1
2	184	67.474450529757	0
2	190	67.875226584224	1
2	192	69.211338463028	2
2	229	78.996595999059	3
2	244	83.087900410668	4
2	248	84.616035531275	5
2	250	85.512391717579	6
3	9	1.616699494875	1.574986115594
3	24	3.694618899783	0.974927725455
3	33	6.74611145567	3.916784407502
3	39	8.702052029328	3.142673168446
3	47	15.629668500515	9.912213372299
3	56	21.424267238493	17.809305723712
3	73	27.915302724402	8.44174236808
3	78	29.468417565756	5.913046707491
3	86	34.004185185556	17.739259197443
3	91	35.014255989153	11.635701302431
3	99	42.028332393508	15.827745902622
3	104	42.206429081027	2.267455019142
3	110	44.375302225334	17.059367113072
3	119	47.104718044583	19.292952504525
3	132	55.959638097655	10.34079641644
3	137	56.052222883351	9.829353940563
3	142	56.152955769216	7.642434252645
3	150	57.577426057592	8.237042933116
3	157	58.207445292172	25.978290433362
3	162	58.875052126972	2.987740098588
3	169	60.145040781073	2.208366418973
3	173	62.896889000257	2.934415316918
3	186	67.474450529757	3.474262617131
3	201	72.846777670286	5.414849424445
3	209	75.854542355673	5.393406903191
3	218	76.416116238408	4.275881356643
3	225	78.094429218096	5.935897168063
3	239	82.257511602079	7.750223626647
3	255	90.384618825638	14.336120206059
3	263	92.316400986951	16.118041322727
3	268	94.100295813878	16.84447402913
3	274	94.860452141326	15.453770215789
3	283	97.16027162617	16.109284969303
4	9	1.616699494875	1.574986115594
4	33	6.74611145567	3.916784407502
4	39	8.702052029328	3.142673168446
4	47	15.629668500515	9.912213372299
4	73	27.915302724402	8.44174236808
4	78	29.468417565756	5.913046707491
4	104	42.206429081027	2.267455019142
4	132	55.959638097655	10.34079641644
4	137	56.052222883351	9.829353940563
4	142	56.152955769216	7.642434252645
4	150	57.577426057592	8.237042933116
4	173	62.896889000257	2.934415316918
4	186	67.474450529757	3.474262617131
4	209	75.854542355673	5.393406903191
4	218	76.416116238408	4.275881356643
4	225	78.094429218096	5.935897168063
4	239	82.257511602079	7.750223626647
4	255	90.384618825638	14.336120206059
4	263	92.316400986951	16.118041322727
4	268	94.100295813878	16.84447402913
4	274	94.860452141326	15.453770215789
4	283	97.16027162617	16.109284969303
5	24	3.694618899783	0.974927725455
5	56	21.424267238493	17.809305723712
5	86	34.004185185556	17.739259197443
5	91	35.014255989153	11.635701302431
5	99	42.028332393508	15.827745902622
5	110	44.375302225334	17.059367113072
5	119	47.104718044583	19.292952504525
5	157	58.207445292172	25.978290433362
5	162	58.875052126972	2.987740098588
5	169	60.145040781073	2.208366418973
5	201	72.846777670286	5.414849424445

