version 2
run Third-n4-12-20191125-12:37:59-5064
attr configname Third-n4
attr datetime 20191125-12:37:59
attr experiment Third-n4
attr inifile omnetpp.ini
attr iterationvars ""
attr iterationvarsf ""
attr measurement ""
attr network org.omnetpp.queueing.Pizza
attr processid 5064
attr repetition 12
attr replication ""
attr resultdir results_no_transient
attr runnumber 12
attr seedset 12
param **.PS.maxInventoriedPS 4
param **.U1.interArrivalTime exponential(4s)
param **.U2.interArrivalTime exponential(6s)
param **.PS.serviceTimeForInventoryU1 exponential(1.4s)
param **.PS.serviceTimeForInventoryU2 exponential(1.4s)
param **.PS.serviceTimeDirectU1 exponential(1.8s)
param **.PS.serviceTimeDirectU2 exponential(1.8s)
param **.PS.probabilityProducing 0.8
param **.CS.serviceTimeU1 exponential(2.3s)
param **.CS.serviceTimeU2 exponential(2.3s)

vector 0 Pizza.EntryQueueU1 queueLength:vector ETV
attr interpolationmode sample-hold
attr title "queue length, vector"
vector 1 Pizza.CS queueLength:vector ETV
attr interpolationmode sample-hold
attr title "queue length, vector"
vector 2 Pizza.EntryQueueU2 queueLength:vector ETV
attr interpolationmode sample-hold
attr title "queue length, vector"
vector 3 Pizza.sink lifeTime:vector ETV
attr interpolationmode none
attr title "lifetime of arrived jobs, vector"
attr unit s
vector 4 Pizza.sink lifeTimeU1:vector ETV
attr interpolationmode none
attr title "lifetime of arrived jobs, vector"
attr unit s
vector 5 Pizza.sink lifeTimeU2:vector ETV
attr interpolationmode none
attr title "lifetime of arrived jobs, vector"
attr unit s
0	0	0	0
0	16	6.058772836419	1
0	17	7.347231324444	0
0	23	7.459481980149	1
0	28	12.637321568175	2
0	29	14.581599610948	1
0	38	20.18568855005	0
0	49	24.183049439894	1
0	57	27.67099385265	0
0	77	36.837640276665	1
0	82	37.924609415841	0
0	91	38.205274236237	1
0	93	38.357862734139	2
0	94	38.837379308477	1
0	101	48.749471360662	0
0	120	53.635287737744	1
0	123	56.24202711532	0
0	150	64.09030629522	1
0	153	66.488024087924	0
0	163	68.134910219542	1
0	165	68.361276244408	2
0	169	71.139443293277	3
0	170	73.106062310418	2
0	176	73.220622028291	1
0	182	73.293393161067	2
0	184	73.775748770383	3
0	185	73.925902161027	2
0	190	76.286446229185	1
0	198	78.506257247783	2
0	199	78.614181725978	1
0	206	81.000943500965	0
0	226	87.511661144845	1
0	232	90.646703281547	2
0	234	91.200974681103	3
0	235	95.09344697388	2
0	243	95.258634631952	3
0	245	96.977745646649	4
0	246	96.996054795341	3
0	251	97.7573270172	2
0	259	99.337416145203	3
0	262	99.979283396926	2
1	0	0	0
2	0	0	0
2	5	3.545945608248	1
2	9	5.379515078339	2
2	12	5.467608403752	3
2	14	5.674934520679	4
2	37	19.533490513518	5
2	44	20.494319035974	6
2	45	21.713627984317	5
2	54	27.412572663375	6
2	56	27.53874890543	7
2	62	27.955290213198	6
2	68	30.970360493829	5
2	73	36.012912456005	4
2	79	37.233458507893	5
2	88	38.168462191925	6
2	107	50.238108535223	7
2	108	50.562969119907	6
2	114	52.718418627186	5
2	118	53.369835510537	6
2	129	57.491928469195	5
2	134	57.539738368436	4
2	141	60.327222086343	3
2	146	63.360262187311	2
2	159	67.834785413434	1
2	213	83.061984037161	0
2	219	85.327858140586	1
2	221	85.785711536272	2
2	222	86.359156754316	1
2	230	88.596055206458	2
2	241	95.16241624744	3
3	19	7.347231324444	6.677517636111
3	31	14.581599610948	8.522826774529
3	40	20.18568855005	12.726206569901
3	47	21.713627984317	9.076306416142
3	59	27.67099385265	24.125048244402
3	64	27.955290213198	3.772240773304
3	70	30.970360493829	25.59084541549
3	75	36.012912456005	30.545304052253
3	84	37.924609415841	32.249674895162
3	96	38.837379308477	1.999739031812
3	103	48.749471360662	10.544197124425
3	110	50.562969119907	12.205106385768
3	116	52.718418627186	33.184928113668
3	125	56.24202711532	35.747708079346
3	131	57.491928469195	3.856640731451
3	136	57.539738368436	30.127165705061
3	143	60.327222086343	32.788473180913
3	148	63.360262187311	26.126803679418
3	155	66.488024087924	28.319561895999
3	161	67.834785413434	3.744479118214
3	172	73.106062310418	22.867953775195
3	178	73.220622028291	5.085711808749
3	187	73.925902161027	5.564625916619
3	192	76.286446229185	5.147002935908
3	201	78.614181725978	5.320788564911
3	208	81.000943500965	7.225194730582
3	215	83.061984037161	4.555726789378
3	224	86.359156754316	32.989321243779
3	237	95.09344697388	9.765588833294
3	248	96.996054795341	9.484393650496
3	253	97.7573270172	7.110623735653
3	264	99.979283396926	8.778308715823
4	19	7.347231324444	6.677517636111
4	31	14.581599610948	8.522826774529
4	40	20.18568855005	12.726206569901
4	47	21.713627984317	9.076306416142
4	64	27.955290213198	3.772240773304
4	96	38.837379308477	1.999739031812
4	103	48.749471360662	10.544197124425
4	110	50.562969119907	12.205106385768
4	131	57.491928469195	3.856640731451
4	161	67.834785413434	3.744479118214
4	178	73.220622028291	5.085711808749
4	187	73.925902161027	5.564625916619
4	192	76.286446229185	5.147002935908
4	201	78.614181725978	5.320788564911
4	208	81.000943500965	7.225194730582
4	215	83.061984037161	4.555726789378
4	248	96.996054795341	9.484393650496
4	253	97.7573270172	7.110623735653
4	264	99.979283396926	8.778308715823
5	59	27.67099385265	24.125048244402
5	70	30.970360493829	25.59084541549
5	75	36.012912456005	30.545304052253
5	84	37.924609415841	32.249674895162
5	116	52.718418627186	33.184928113668
5	125	56.24202711532	35.747708079346
5	136	57.539738368436	30.127165705061
5	143	60.327222086343	32.788473180913
5	148	63.360262187311	26.126803679418
5	155	66.488024087924	28.319561895999
5	172	73.106062310418	22.867953775195
5	224	86.359156754316	32.989321243779
5	237	95.09344697388	9.765588833294

