version 2
run Third-n4-15-20191125-12:38:05-468
attr configname Third-n4
attr datetime 20191125-12:38:05
attr experiment Third-n4
attr inifile omnetpp.ini
attr iterationvars ""
attr iterationvarsf ""
attr measurement ""
attr network org.omnetpp.queueing.Pizza
attr processid 468
attr repetition 15
attr replication ""
attr resultdir results_no_transient
attr runnumber 15
attr seedset 15
param **.PS.maxInventoriedPS 4
param **.U1.interArrivalTime exponential(4s)
param **.U2.interArrivalTime exponential(6s)
param **.PS.serviceTimeForInventoryU1 exponential(1.4s)
param **.PS.serviceTimeForInventoryU2 exponential(1.4s)
param **.PS.serviceTimeDirectU1 exponential(1.8s)
param **.PS.serviceTimeDirectU2 exponential(1.8s)
param **.PS.probabilityProducing 0.8
param **.CS.serviceTimeU1 exponential(2.3s)
param **.CS.serviceTimeU2 exponential(2.3s)

vector 0 Pizza.EntryQueueU1 queueLength:vector ETV
attr interpolationmode sample-hold
attr title "queue length, vector"
vector 1 Pizza.CS queueLength:vector ETV
attr interpolationmode sample-hold
attr title "queue length, vector"
vector 2 Pizza.EntryQueueU2 queueLength:vector ETV
attr interpolationmode sample-hold
attr title "queue length, vector"
vector 3 Pizza.sink lifeTime:vector ETV
attr interpolationmode none
attr title "lifetime of arrived jobs, vector"
attr unit s
vector 4 Pizza.sink lifeTimeU1:vector ETV
attr interpolationmode none
attr title "lifetime of arrived jobs, vector"
attr unit s
vector 5 Pizza.sink lifeTimeU2:vector ETV
attr interpolationmode none
attr title "lifetime of arrived jobs, vector"
attr unit s
0	0	0	0
0	5	8.345496996421	1
0	7	8.569083940082	2
0	9	9.039654571862	3
0	17	10.834429848333	4
0	26	15.176464933403	3
0	32	15.925222711067	4
0	36	17.01754897767	3
0	41	17.438479864819	2
0	50	20.865667934469	1
0	55	21.076023604556	0
0	71	23.95638713054	1
0	73	24.749640996955	0
0	82	25.656171502342	1
0	87	28.742727751387	2
0	88	30.301497961537	1
0	95	32.64496564083	2
0	97	34.33242101542	1
0	105	34.709942977771	2
0	107	34.943983009192	3
0	108	35.531169667339	2
0	114	38.267406781592	1
0	120	39.859311607326	0
0	131	40.226612995815	1
0	132	40.300379249369	0
0	145	42.588962030362	1
0	149	44.341114620665	0
0	158	45.081293701448	1
0	161	45.708959461379	0
0	188	53.2221840668	1
0	192	55.62716447006	2
0	195	55.828250862707	1
0	200	55.856041367791	0
0	208	56.623059335735	1
0	215	63.512691070896	0
0	239	78.001762934255	1
0	240	78.318908334997	0
0	255	82.259747623185	1
0	257	82.557491941107	2
0	258	84.122362206268	1
0	263	85.711626017482	0
0	271	87.215442037551	1
0	275	89.402483539609	2
0	276	89.490952341868	1
0	286	91.155065252375	0
1	0	0	0
2	0	0	0
2	15	10.078533028402	1
2	20	12.257057425381	2
2	23	13.982341973524	3
2	25	14.180553389232	4
2	34	16.02090162056	5
2	60	22.715392412087	4
2	65	23.310616837142	3
2	78	25.566705587158	2
2	125	39.931160202651	1
2	138	41.001066176685	2
2	139	41.256068999687	1
2	147	43.401835854184	2
2	154	44.597140892097	1
2	167	45.996685211417	2
2	169	46.561632822712	1
2	173	46.613739865253	2
2	176	48.71374248347	1
2	180	50.30468681521	2
2	184	52.918136233336	1
2	194	55.767197904685	2
2	206	56.167810340258	3
2	213	62.240759242472	4
2	221	64.345080035546	3
2	226	70.800815065738	2
2	232	74.749459203798	3
2	233	75.44493939537	2
2	247	80.516062016358	3
2	249	81.865181722383	4
2	251	82.162541674581	5
2	253	82.172418340433	6
2	273	88.46564565145	7
2	282	89.794542878323	8
2	284	89.885250003494	9
2	296	98.857631658441	10
2	297	99.293532304608	9
2	303	99.757538876969	10
3	28	15.176464933403	7.619389574444
3	38	17.01754897767	8.672051981249
3	43	17.438479864819	8.869395924737
3	52	20.865667934469	11.826013362607
3	57	21.076023604556	10.241593756223
3	62	22.715392412087	6.79016970102
3	67	23.310616837142	13.23208380874
3	75	24.749640996955	12.492583571574
3	80	25.566705587158	1.610318456618
3	90	30.301497961537	16.319155988013
3	99	34.33242101542	8.676249513078
3	110	35.531169667339	6.788441915952
3	116	38.267406781592	5.622441140762
3	122	39.859311607326	5.149368629555
3	127	39.931160202651	4.987177193459
3	134	40.300379249369	26.119825860137
3	141	41.256068999687	1.029456003872
3	151	44.341114620665	28.320213000105
3	156	44.597140892097	2.008178861735
3	163	45.708959461379	4.707893284694
3	171	46.561632822712	1.480339121264
3	178	48.71374248347	5.311906629286
3	186	52.918136233336	6.921451021919
3	197	55.828250862707	9.214510997454
3	202	55.856041367791	2.633857300991
3	217	63.512691070896	7.885526600836
3	223	64.345080035546	7.722020699811
3	228	70.800815065738	20.496128250528
3	235	75.44493939537	19.677741490685
3	242	78.318908334997	22.151097994739
3	260	84.122362206268	6.120599272013
3	265	85.711626017482	3.451878394297
3	278	89.490952341868	6.933460400761
3	288	91.155065252375	3.939623214824
3	299	99.293532304608	9.891048764999
4	28	15.176464933403	7.619389574444
4	38	17.01754897767	8.672051981249
4	43	17.438479864819	8.869395924737
4	52	20.865667934469	11.826013362607
4	57	21.076023604556	10.241593756223
4	62	22.715392412087	6.79016970102
4	80	25.566705587158	1.610318456618
4	99	34.33242101542	8.676249513078
4	110	35.531169667339	6.788441915952
4	116	38.267406781592	5.622441140762
4	122	39.859311607326	5.149368629555
4	127	39.931160202651	4.987177193459
4	141	41.256068999687	1.029456003872
4	156	44.597140892097	2.008178861735
4	171	46.561632822712	1.480339121264
4	202	55.856041367791	2.633857300991
4	217	63.512691070896	7.885526600836
4	223	64.345080035546	7.722020699811
4	260	84.122362206268	6.120599272013
4	265	85.711626017482	3.451878394297
4	278	89.490952341868	6.933460400761
4	288	91.155065252375	3.939623214824
4	299	99.293532304608	9.891048764999
5	67	23.310616837142	13.23208380874
5	75	24.749640996955	12.492583571574
5	90	30.301497961537	16.319155988013
5	134	40.300379249369	26.119825860137
5	151	44.341114620665	28.320213000105
5	163	45.708959461379	4.707893284694
5	178	48.71374248347	5.311906629286
5	186	52.918136233336	6.921451021919
5	197	55.828250862707	9.214510997454
5	228	70.800815065738	20.496128250528
5	235	75.44493939537	19.677741490685
5	242	78.318908334997	22.151097994739

