version 2
run Third-n4-6-20191125-12:37:52-7472
attr configname Third-n4
attr datetime 20191125-12:37:52
attr experiment Third-n4
attr inifile omnetpp.ini
attr iterationvars ""
attr iterationvarsf ""
attr measurement ""
attr network org.omnetpp.queueing.Pizza
attr processid 7472
attr repetition 6
attr replication ""
attr resultdir results_no_transient
attr runnumber 6
attr seedset 6
param **.PS.maxInventoriedPS 4
param **.U1.interArrivalTime exponential(4s)
param **.U2.interArrivalTime exponential(6s)
param **.PS.serviceTimeForInventoryU1 exponential(1.4s)
param **.PS.serviceTimeForInventoryU2 exponential(1.4s)
param **.PS.serviceTimeDirectU1 exponential(1.8s)
param **.PS.serviceTimeDirectU2 exponential(1.8s)
param **.PS.probabilityProducing 0.8
param **.CS.serviceTimeU1 exponential(2.3s)
param **.CS.serviceTimeU2 exponential(2.3s)

vector 0 Pizza.EntryQueueU1 queueLength:vector ETV
attr interpolationmode sample-hold
attr title "queue length, vector"
vector 1 Pizza.CS queueLength:vector ETV
attr interpolationmode sample-hold
attr title "queue length, vector"
vector 2 Pizza.EntryQueueU2 queueLength:vector ETV
attr interpolationmode sample-hold
attr title "queue length, vector"
vector 3 Pizza.sink lifeTime:vector ETV
attr interpolationmode none
attr title "lifetime of arrived jobs, vector"
attr unit s
vector 4 Pizza.sink lifeTimeU1:vector ETV
attr interpolationmode none
attr title "lifetime of arrived jobs, vector"
attr unit s
vector 5 Pizza.sink lifeTimeU2:vector ETV
attr interpolationmode none
attr title "lifetime of arrived jobs, vector"
attr unit s
0	0	0	0
0	16	10.9673232238	1
0	17	11.796376726956	0
0	24	13.990789176693	1
0	26	16.543405505668	0
0	39	19.316227995523	1
0	40	23.326989105443	0
0	52	26.172271768259	1
0	54	26.396329469613	2
0	59	30.766858664743	1
0	65	30.877733049412	2
0	67	31.411054935212	3
0	69	31.765685925172	4
0	72	32.740050436408	3
0	78	35.645602650004	2
0	83	36.324552617382	1
0	91	39.421591416618	0
0	106	44.412577872091	1
0	109	45.465012218435	0
0	120	49.563018358428	1
0	122	50.681012121942	2
0	124	51.025242233558	3
0	126	55.578786435862	4
0	127	55.918517084052	3
0	135	57.611256402802	4
0	138	60.314043255911	5
0	139	60.380391060054	4
0	146	61.846046223693	3
0	152	62.328170639376	2
0	158	63.356277315377	3
0	163	66.602496861482	4
0	164	66.604709162235	3
0	169	69.159211127399	2
0	174	69.617962422365	1
0	181	70.855419764275	0
0	190	75.262985296726	1
0	192	77.579444588602	0
0	199	78.47353757798	1
0	203	80.370343434901	0
0	209	80.567204962125	1
0	211	82.406126045763	0
0	230	85.153633885861	1
0	234	86.029553293609	2
0	238	88.659487415827	3
0	240	90.547905061592	4
0	246	92.217832709751	5
0	247	92.237384473617	4
0	254	93.738644346216	5
0	255	94.367193999428	4
0	265	96.153752254319	5
0	266	97.217879397699	4
0	274	97.6694553504	5
0	275	98.534230408289	4
0	281	99.588983928867	3
1	0	0	0
2	0	0	0
2	46	23.898748607952	1
2	48	25.936959779442	0
2	89	36.436555778778	1
2	97	41.919407323425	2
2	100	44.334835216295	1
2	108	44.520833676816	2
2	117	48.326342109589	3
2	133	56.231142241993	4
2	161	64.913806265462	5
2	180	69.733498531147	6
2	188	73.612326863724	7
2	218	84.102226812451	8
2	219	84.809083702022	7
2	224	84.906272114977	6
2	232	85.841246315499	7
2	236	86.252335893057	8
2	242	90.568545946509	9
2	244	90.861687020367	10
2	272	97.334718281361	11
3	8	9.455388172705	0.520907141449
3	19	11.796376726956	1.24814820359
3	28	16.543405505668	5.576082281868
3	32	16.932443246778	2.941654070085
3	42	23.326989105443	5.648069975502
3	50	25.936959779442	6.620731783919
3	61	30.766858664743	6.868110056791
3	74	32.740050436408	6.567778668149
3	80	35.645602650004	9.249273180391
3	85	36.324552617382	5.44681956797
3	93	39.421591416618	8.010536481406
3	102	44.334835216295	12.569149291123
3	111	45.465012218435	9.028456439657
3	129	55.918517084052	11.505939211961
3	141	60.380391060054	10.817372701626
3	148	61.846046223693	11.165034101751
3	154	62.328170639376	11.302928405818
3	166	66.604709162235	11.025922726373
3	171	69.159211127399	11.547954724597
3	176	69.617962422365	9.303919166454
3	183	70.855419764275	7.499142448898
3	194	77.579444588602	10.97694772712
3	205	80.370343434901	5.107358138175
3	213	82.406126045763	3.932588467783
3	221	84.809083702022	4.241878739897
3	226	84.906272114977	42.986864791552
3	249	92.237384473617	47.716550796801
3	257	94.367193999428	9.213560113567
3	268	97.217879397699	11.18832610409
3	277	98.534230408289	9.874742992462
3	283	99.588983928867	9.041078867275
4	8	9.455388172705	0.520907141449
4	19	11.796376726956	1.24814820359
4	28	16.543405505668	5.576082281868
4	32	16.932443246778	2.941654070085
4	50	25.936959779442	6.620731783919
4	74	32.740050436408	6.567778668149
4	80	35.645602650004	9.249273180391
4	85	36.324552617382	5.44681956797
4	93	39.421591416618	8.010536481406
4	102	44.334835216295	12.569149291123
4	129	55.918517084052	11.505939211961
4	141	60.380391060054	10.817372701626
4	148	61.846046223693	11.165034101751
4	154	62.328170639376	11.302928405818
4	166	66.604709162235	11.025922726373
4	171	69.159211127399	11.547954724597
4	176	69.617962422365	9.303919166454
4	183	70.855419764275	7.499142448898
4	194	77.579444588602	10.97694772712
4	205	80.370343434901	5.107358138175
4	213	82.406126045763	3.932588467783
4	221	84.809083702022	4.241878739897
4	257	94.367193999428	9.213560113567
4	268	97.217879397699	11.18832610409
4	277	98.534230408289	9.874742992462
4	283	99.588983928867	9.041078867275
5	42	23.326989105443	5.648069975502
5	61	30.766858664743	6.868110056791
5	111	45.465012218435	9.028456439657
5	226	84.906272114977	42.986864791552
5	249	92.237384473617	47.716550796801

