version 2
run Third-n4-13-20191125-12:38:00-9344
attr configname Third-n4
attr datetime 20191125-12:38:00
attr experiment Third-n4
attr inifile omnetpp.ini
attr iterationvars ""
attr iterationvarsf ""
attr measurement ""
attr network org.omnetpp.queueing.Pizza
attr processid 9344
attr repetition 13
attr replication ""
attr resultdir results_no_transient
attr runnumber 13
attr seedset 13
param **.PS.maxInventoriedPS 4
param **.U1.interArrivalTime exponential(4s)
param **.U2.interArrivalTime exponential(6s)
param **.PS.serviceTimeForInventoryU1 exponential(1.4s)
param **.PS.serviceTimeForInventoryU2 exponential(1.4s)
param **.PS.serviceTimeDirectU1 exponential(1.8s)
param **.PS.serviceTimeDirectU2 exponential(1.8s)
param **.PS.probabilityProducing 0.8
param **.CS.serviceTimeU1 exponential(2.3s)
param **.CS.serviceTimeU2 exponential(2.3s)

vector 0 Pizza.EntryQueueU1 queueLength:vector ETV
attr interpolationmode sample-hold
attr title "queue length, vector"
vector 1 Pizza.CS queueLength:vector ETV
attr interpolationmode sample-hold
attr title "queue length, vector"
vector 2 Pizza.EntryQueueU2 queueLength:vector ETV
attr interpolationmode sample-hold
attr title "queue length, vector"
vector 3 Pizza.sink lifeTime:vector ETV
attr interpolationmode none
attr title "lifetime of arrived jobs, vector"
attr unit s
vector 4 Pizza.sink lifeTimeU2:vector ETV
attr interpolationmode none
attr title "lifetime of arrived jobs, vector"
attr unit s
vector 5 Pizza.sink lifeTimeU1:vector ETV
attr interpolationmode none
attr title "lifetime of arrived jobs, vector"
attr unit s
0	0	0	0
0	5	6.014953201419	1
0	14	12.970373519663	2
0	17	17.414309722575	1
0	24	19.290304524335	2
0	25	19.908543659181	1
0	33	24.382818577764	0
0	51	28.728950016034	1
0	53	29.524250373597	2
0	56	37.237030943199	1
0	61	38.121996948036	0
0	75	41.43536256522	1
0	77	41.652497035004	2
0	79	41.687512769318	3
0	80	42.333253326127	2
0	89	46.1875880228	1
0	95	47.568857626767	0
0	101	47.885971199356	1
0	103	47.886019351817	2
0	105	48.389887180048	3
0	107	49.524534269505	4
0	109	49.997535507684	5
0	110	50.106204071568	4
0	116	50.836208324529	3
0	131	54.979947602295	4
0	132	56.60411921612	3
0	141	58.065410898175	4
0	145	58.536914295198	5
0	146	60.008285407425	4
0	151	60.349798203383	3
0	159	61.671139372452	4
0	160	63.231832582983	3
0	172	65.853286311204	2
0	180	70.064037345942	1
0	185	70.070741621588	0
0	219	81.400580134446	1
0	220	82.772218604075	0
0	232	83.435971588906	1
0	234	86.755713797807	2
0	236	88.530733257188	3
0	241	91.045334281669	2
0	249	94.498598280009	1
0	254	94.943089285391	0
1	0	0	0
2	0	0	0
2	7	7.236128373723	1
2	31	20.644716159109	2
2	39	24.472038756332	3
2	40	25.742282333814	2
2	46	26.24858227193	3
2	48	26.305326360733	4
2	55	32.023896520821	5
2	66	39.58281532364	4
2	72	39.723478256677	5
2	88	45.686219579174	6
2	123	52.096848507489	7
2	127	54.238774502443	8
2	129	54.797569552383	9
2	139	57.659335772474	10
2	143	58.081339459395	11
2	168	65.033139099972	12
2	171	65.604595302251	13
2	179	67.538275122022	14
2	191	70.656660980564	15
2	193	71.622322790779	14
2	202	74.381558566654	15
2	203	76.40111323002	14
2	208	77.445308509331	13
2	213	78.036277938312	12
2	226	83.392494592609	11
2	238	89.047335927158	12
2	240	89.212100153826	13
2	248	92.834564831708	14
2	260	96.65950492549	13
2	265	97.01450485464	12
2	271	97.84224141997	13
2	275	99.313461032506	14
2	276	99.772982810134	13
2	281	99.822744934929	12
3	19	17.414309722575	11.805422302929
3	27	19.908543659181	13.893590457762
3	35	24.382818577764	11.412445058101
3	42	25.742282333814	6.451977809479
3	58	37.237030943199	30.000902569476
3	63	38.121996948036	9.393046932002
3	68	39.58281532364	10.058564950043
3	82	42.333253326127	21.688537167018
3	91	46.1875880228	4.75222545758
3	97	47.568857626767	5.916360591763
3	112	50.106204071568	8.41869130225
3	118	50.836208324529	2.950237125173
3	134	56.60411921612	8.718099864303
3	148	60.008285407425	11.618398227377
3	153	60.349798203383	10.825263933878
3	162	63.231832582983	13.234297075299
3	174	65.853286311204	10.873338708909
3	182	70.064037345942	11.998626447767
3	187	70.070741621588	11.53382732639
3	195	71.622322790779	9.951183418327
3	205	76.40111323002	51.929074473688
3	210	77.445308509331	51.196726237401
3	215	78.036277938312	51.730951577579
3	222	82.772218604075	50.748322083254
3	228	83.392494592609	1.991914458163
3	243	91.045334281669	51.321856024992
3	251	94.498598280009	11.062626691103
3	256	94.943089285391	8.187375487584
3	262	96.65950492549	8.128771668302
3	267	97.01450485464	51.328285275466
3	278	99.772982810134	47.676134302645
3	283	99.822744934929	45.583970432486
4	19	17.414309722575	11.805422302929
4	58	37.237030943199	30.000902569476
4	82	42.333253326127	21.688537167018
4	205	76.40111323002	51.929074473688
4	210	77.445308509331	51.196726237401
4	215	78.036277938312	51.730951577579
4	222	82.772218604075	50.748322083254
4	243	91.045334281669	51.321856024992
4	267	97.01450485464	51.328285275466
4	278	99.772982810134	47.676134302645
4	283	99.822744934929	45.583970432486
5	27	19.908543659181	13.893590457762
5	35	24.382818577764	11.412445058101
5	42	25.742282333814	6.451977809479
5	63	38.121996948036	9.393046932002
5	68	39.58281532364	10.058564950043
5	91	46.1875880228	4.75222545758
5	97	47.568857626767	5.916360591763
5	112	50.106204071568	8.41869130225
5	118	50.836208324529	2.950237125173
5	134	56.60411921612	8.718099864303
5	148	60.008285407425	11.618398227377
5	153	60.349798203383	10.825263933878
5	162	63.231832582983	13.234297075299
5	174	65.853286311204	10.873338708909
5	182	70.064037345942	11.998626447767
5	187	70.070741621588	11.53382732639
5	195	71.622322790779	9.951183418327
5	228	83.392494592609	1.991914458163
5	251	94.498598280009	11.062626691103
5	256	94.943089285391	8.187375487584
5	262	96.65950492549	8.128771668302

