version 2
run Third-n5-7-20191125-12:37:57-4160
attr configname Third-n5
attr datetime 20191125-12:37:57
attr experiment Third-n5
attr inifile omnetpp.ini
attr iterationvars ""
attr iterationvarsf ""
attr measurement ""
attr network org.omnetpp.queueing.Pizza
attr processid 4160
attr repetition 7
attr replication ""
attr resultdir results_no_transient
attr runnumber 7
attr seedset 7
param **.PS.maxInventoriedPS 5
param **.U1.interArrivalTime exponential(4s)
param **.U2.interArrivalTime exponential(6s)
param **.PS.serviceTimeForInventoryU1 exponential(1.4s)
param **.PS.serviceTimeForInventoryU2 exponential(1.4s)
param **.PS.serviceTimeDirectU1 exponential(1.8s)
param **.PS.serviceTimeDirectU2 exponential(1.8s)
param **.PS.probabilityProducing 0.8
param **.CS.serviceTimeU1 exponential(2.3s)
param **.CS.serviceTimeU2 exponential(2.3s)

vector 0 Pizza.EntryQueueU1 queueLength:vector ETV
attr interpolationmode sample-hold
attr title "queue length, vector"
vector 1 Pizza.CS queueLength:vector ETV
attr interpolationmode sample-hold
attr title "queue length, vector"
vector 2 Pizza.EntryQueueU2 queueLength:vector ETV
attr interpolationmode sample-hold
attr title "queue length, vector"
vector 3 Pizza.sink lifeTime:vector ETV
attr interpolationmode none
attr title "lifetime of arrived jobs, vector"
attr unit s
vector 4 Pizza.sink lifeTimeU1:vector ETV
attr interpolationmode none
attr title "lifetime of arrived jobs, vector"
attr unit s
vector 5 Pizza.sink lifeTimeU2:vector ETV
attr interpolationmode none
attr title "lifetime of arrived jobs, vector"
attr unit s
0	0	0	0
0	14	6.37254240671	1
0	20	9.46559952548	2
0	22	9.828553224905	3
0	24	10.127667818756	4
0	29	12.302249280922	5
0	30	12.428367818012	4
0	39	13.53134411258	3
0	44	14.083382751486	2
0	55	20.426423279617	3
0	56	21.003944443883	2
0	62	21.473456065495	3
0	66	24.60181171403	2
0	71	25.096018181485	1
0	77	25.62323191118	0
0	87	31.06668572498	1
0	90	32.57156910423	0
0	123	43.738820432721	1
0	129	45.909167468479	2
0	131	52.22034307844	3
0	133	53.016350481193	4
0	135	54.698493488797	5
0	136	54.756295816195	4
0	142	56.368800339435	3
0	148	58.829671829264	2
0	156	60.024587349682	1
0	162	60.104038731417	2
0	164	62.866900262888	1
0	171	65.935937972439	0
0	178	66.192229541967	1
0	179	66.319871578772	0
0	188	69.78401644966	1
0	190	70.986545305988	0
0	196	72.160152284121	1
0	198	75.222808936255	0
0	215	79.45480364259	1
0	216	79.614593157423	0
0	222	80.043591836121	1
0	224	81.217696792162	0
0	230	81.612363153395	1
0	231	81.63382247787	0
0	255	93.703637632519	1
0	259	98.343149395304	0
1	0	0	0
2	0	0	0
2	7	1.547489848107	1
2	8	3.965444219319	0
2	12	5.195749562442	1
2	16	7.404876200151	2
2	18	9.242974324641	3
2	38	13.415318074359	4
2	53	20.109574587039	5
2	89	31.544302652034	6
2	95	32.925736280667	5
2	102	33.805522039896	6
2	103	34.312680827476	5
2	109	36.417775310246	6
2	110	36.776418143095	5
2	116	38.411506993921	6
2	118	42.098554235966	7
2	119	42.614337243072	6
2	127	45.506551955228	7
2	155	59.720392822297	8
2	185	66.322769934313	9
2	203	75.315851784492	8
2	209	78.430520079005	7
2	237	83.001001916725	6
2	241	86.432244643302	7
2	244	86.915372602455	6
2	249	89.611296126486	5
2	258	95.981558621747	6
2	266	99.415316766047	5
3	10	3.965444219319	3.647936573444
3	32	12.428367818012	10.880877969905
3	41	13.53134411258	7.15880170587
3	46	14.083382751486	4.617783226006
3	58	21.003944443883	11.175391218978
3	68	24.60181171403	14.474143895274
3	73	25.096018181485	12.793768900563
3	79	25.62323191118	5.196808631563
3	92	32.57156910423	11.098113038735
3	97	32.925736280667	1.859050555687
3	105	34.312680827476	29.116931265034
3	112	36.776418143095	29.371541942944
3	121	42.614337243072	33.371362918431
3	138	54.756295816195	41.340977741836
3	144	56.368800339435	12.629979906714
3	150	58.829671829264	12.920504360785
3	158	60.024587349682	7.804244271242
3	166	62.866900262888	9.850549781695
3	173	65.935937972439	11.237444483642
3	181	66.319871578772	6.215832847355
3	192	70.986545305988	4.794315764021
3	200	75.222808936255	5.438792486595
3	205	75.315851784492	3.155699500371
3	211	78.430520079005	58.320945491966
3	218	79.614593157423	48.070290505389
3	226	81.217696792162	1.762893149572
3	233	81.63382247787	1.590230641749
3	239	83.001001916725	1.38863876333
3	246	86.915372602455	53.109850562559
3	251	89.611296126486	53.19352081624
3	261	98.343149395304	59.931642401383
3	268	99.415316766047	5.711679133528
4	10	3.965444219319	3.647936573444
4	41	13.53134411258	7.15880170587
4	46	14.083382751486	4.617783226006
4	58	21.003944443883	11.175391218978
4	68	24.60181171403	14.474143895274
4	73	25.096018181485	12.793768900563
4	79	25.62323191118	5.196808631563
4	92	32.57156910423	11.098113038735
4	97	32.925736280667	1.859050555687
4	144	56.368800339435	12.629979906714
4	150	58.829671829264	12.920504360785
4	158	60.024587349682	7.804244271242
4	166	62.866900262888	9.850549781695
4	173	65.935937972439	11.237444483642
4	181	66.319871578772	6.215832847355
4	192	70.986545305988	4.794315764021
4	200	75.222808936255	5.438792486595
4	205	75.315851784492	3.155699500371
4	226	81.217696792162	1.762893149572
4	233	81.63382247787	1.590230641749
4	239	83.001001916725	1.38863876333
4	268	99.415316766047	5.711679133528
5	32	12.428367818012	10.880877969905
5	105	34.312680827476	29.116931265034
5	112	36.776418143095	29.371541942944
5	121	42.614337243072	33.371362918431
5	138	54.756295816195	41.340977741836
5	211	78.430520079005	58.320945491966
5	218	79.614593157423	48.070290505389
5	246	86.915372602455	53.109850562559
5	251	89.611296126486	53.19352081624
5	261	98.343149395304	59.931642401383

