version 2
run Third-n2-17-20191125-12:37:48-2172
attr configname Third-n2
attr datetime 20191125-12:37:48
attr experiment Third-n2
attr inifile omnetpp.ini
attr iterationvars ""
attr iterationvarsf ""
attr measurement ""
attr network org.omnetpp.queueing.Pizza
attr processid 2172
attr repetition 17
attr replication ""
attr resultdir results_no_transient
attr runnumber 17
attr seedset 17
param **.PS.maxInventoriedPS 2
param **.U1.interArrivalTime exponential(4s)
param **.U2.interArrivalTime exponential(6s)
param **.PS.serviceTimeForInventoryU1 exponential(1.4s)
param **.PS.serviceTimeForInventoryU2 exponential(1.4s)
param **.PS.serviceTimeDirectU1 exponential(1.8s)
param **.PS.serviceTimeDirectU2 exponential(1.8s)
param **.PS.probabilityProducing 0.8
param **.CS.serviceTimeU1 exponential(2.3s)
param **.CS.serviceTimeU2 exponential(2.3s)

vector 0 Pizza.EntryQueueU1 queueLength:vector ETV
attr interpolationmode sample-hold
attr title "queue length, vector"
vector 1 Pizza.CS queueLength:vector ETV
attr interpolationmode sample-hold
attr title "queue length, vector"
vector 2 Pizza.EntryQueueU2 queueLength:vector ETV
attr interpolationmode sample-hold
attr title "queue length, vector"
vector 3 Pizza.sink lifeTime:vector ETV
attr interpolationmode none
attr title "lifetime of arrived jobs, vector"
attr unit s
vector 4 Pizza.sink lifeTimeU2:vector ETV
attr interpolationmode none
attr title "lifetime of arrived jobs, vector"
attr unit s
vector 5 Pizza.sink lifeTimeU1:vector ETV
attr interpolationmode none
attr title "lifetime of arrived jobs, vector"
attr unit s
0	0	0	0
0	5	1.396329674268	1
0	7	2.246730910068	2
0	14	8.107354914916	1
0	24	10.392628908017	0
0	30	11.034763139415	1
0	32	11.282454872694	2
0	33	13.513712257407	1
0	41	14.662219450753	2
0	44	15.935916590151	3
0	46	16.442995215252	4
0	47	18.338964406593	3
0	53	19.430499761334	2
0	60	20.083367644506	3
0	61	20.924079719911	2
0	70	23.058362492472	3
0	75	24.499383094266	2
0	80	24.630082386083	1
0	86	25.132450507073	2
0	91	26.515488641586	3
0	95	27.897160367015	2
0	101	28.047780938281	1
0	107	29.841570562853	0
0	122	33.63553773444	1
0	124	34.092641860716	0
0	150	46.590602209334	1
0	151	48.60890273973	0
0	170	54.182839305981	1
0	173	55.609323605257	0
0	188	64.423688968492	1
0	190	64.668722580396	2
0	192	65.548536041054	3
0	194	66.571321727281	4
0	198	66.919332596963	5
0	200	66.982615325968	6
0	201	66.993063765008	5
0	207	68.743619803515	6
0	208	70.355293721686	5
0	214	71.145087401899	6
0	217	73.142585398921	7
0	221	74.221331289219	8
0	223	75.483207342801	9
0	226	75.828644937534	10
0	227	76.055268482174	9
0	232	77.598078721322	8
0	242	80.330356766673	9
0	243	81.134343853046	8
0	251	81.379295655605	9
0	253	81.644400920659	10
0	257	84.123873947081	9
0	265	86.47926782111	8
0	273	88.644239689355	7
0	278	90.584435239631	6
0	283	91.628868807819	5
0	288	95.448851947584	4
0	293	97.309651109563	3
0	297	97.421439608244	4
1	0	0	0
2	0	0	0
2	11	5.741358486445	1
2	20	8.909425736444	2
2	22	9.148503766719	3
2	67	20.941928155919	4
2	72	23.300979475499	5
2	74	24.233215491701	6
2	88	26.345528086679	7
2	94	27.510795378502	8
2	113	30.422143091868	7
2	119	32.546650201153	8
2	131	34.928846649215	9
2	132	37.010431184672	8
2	137	42.040313131103	7
2	142	42.371070689989	6
2	148	43.094402392535	7
2	156	48.676960911072	6
2	162	53.169771340381	5
2	168	54.015041491419	6
2	172	54.853575163266	7
2	179	56.679941121584	6
2	184	61.023602201014	5
2	240	79.810153112979	6
2	249	81.302398902414	7
2	255	82.342364520839	8
2	264	85.970298002583	9
2	271	86.643728390507	10
3	16	8.107354914916	6.903627074994
3	26	10.392628908017	8.996299233749
3	35	13.513712257407	11.266981347339
3	49	18.338964406593	7.304201267178
3	55	19.430499761334	8.14804488864
3	63	20.924079719911	6.261860269158
3	77	24.499383094266	8.563466504115
3	82	24.630082386083	8.187087170831
3	97	27.897160367015	7.813792722509
3	103	28.047780938281	4.989418445809
3	109	29.841570562853	4.70912005578
3	115	30.422143091868	3.906654450282
3	126	34.092641860716	28.351283374271
3	134	37.010431184672	3.374893450232
3	139	42.040313131103	33.130887394659
3	144	42.371070689989	33.22256692327
3	153	48.60890273973	27.666974583811
3	158	48.676960911072	2.086358701738
3	164	53.169771340381	29.868791864882
3	175	55.609323605257	31.376108113556
3	181	56.679941121584	2.497101815603
3	186	61.023602201014	34.678074114335
3	203	66.993063765008	39.482268386506
3	210	70.355293721686	5.931604753194
3	229	76.055268482174	11.386545901778
3	234	77.598078721322	12.049542680268
3	245	81.134343853046	14.563022125765
3	259	84.123873947081	17.204541350118
3	267	86.47926782111	19.496652495142
3	275	88.644239689355	19.90061988584
3	280	90.584435239631	19.439347837732
3	285	91.628868807819	18.486283408898
3	290	95.448851947584	21.227520658365
3	295	97.309651109563	21.826443766762
4	16	8.107354914916	6.903627074994
4	126	34.092641860716	28.351283374271
4	139	42.040313131103	33.130887394659
4	144	42.371070689989	33.22256692327
4	153	48.60890273973	27.666974583811
4	164	53.169771340381	29.868791864882
4	175	55.609323605257	31.376108113556
4	186	61.023602201014	34.678074114335
4	203	66.993063765008	39.482268386506
5	26	10.392628908017	8.996299233749
5	35	13.513712257407	11.266981347339
5	49	18.338964406593	7.304201267178
5	55	19.430499761334	8.14804488864
5	63	20.924079719911	6.261860269158
5	77	24.499383094266	8.563466504115
5	82	24.630082386083	8.187087170831
5	97	27.897160367015	7.813792722509
5	103	28.047780938281	4.989418445809
5	109	29.841570562853	4.70912005578
5	115	30.422143091868	3.906654450282
5	134	37.010431184672	3.374893450232
5	158	48.676960911072	2.086358701738
5	181	56.679941121584	2.497101815603
5	210	70.355293721686	5.931604753194
5	229	76.055268482174	11.386545901778
5	234	77.598078721322	12.049542680268
5	245	81.134343853046	14.563022125765
5	259	84.123873947081	17.204541350118
5	267	86.47926782111	19.496652495142
5	275	88.644239689355	19.90061988584
5	280	90.584435239631	19.439347837732
5	285	91.628868807819	18.486283408898
5	290	95.448851947584	21.227520658365
5	295	97.309651109563	21.826443766762

