version 2
run Third-n2-13-20191125-12:37:45-9244
attr configname Third-n2
attr datetime 20191125-12:37:45
attr experiment Third-n2
attr inifile omnetpp.ini
attr iterationvars ""
attr iterationvarsf ""
attr measurement ""
attr network org.omnetpp.queueing.Pizza
attr processid 9244
attr repetition 13
attr replication ""
attr resultdir results_no_transient
attr runnumber 13
attr seedset 13
param **.PS.maxInventoriedPS 2
param **.U1.interArrivalTime exponential(4s)
param **.U2.interArrivalTime exponential(6s)
param **.PS.serviceTimeForInventoryU1 exponential(1.4s)
param **.PS.serviceTimeForInventoryU2 exponential(1.4s)
param **.PS.serviceTimeDirectU1 exponential(1.8s)
param **.PS.serviceTimeDirectU2 exponential(1.8s)
param **.PS.probabilityProducing 0.8
param **.CS.serviceTimeU1 exponential(2.3s)
param **.CS.serviceTimeU2 exponential(2.3s)

vector 0 Pizza.EntryQueueU1 queueLength:vector ETV
attr interpolationmode sample-hold
attr title "queue length, vector"
vector 1 Pizza.CS queueLength:vector ETV
attr interpolationmode sample-hold
attr title "queue length, vector"
vector 2 Pizza.EntryQueueU2 queueLength:vector ETV
attr interpolationmode sample-hold
attr title "queue length, vector"
vector 3 Pizza.sink lifeTime:vector ETV
attr interpolationmode none
attr title "lifetime of arrived jobs, vector"
attr unit s
vector 4 Pizza.sink lifeTimeU2:vector ETV
attr interpolationmode none
attr title "lifetime of arrived jobs, vector"
attr unit s
vector 5 Pizza.sink lifeTimeU1:vector ETV
attr interpolationmode none
attr title "lifetime of arrived jobs, vector"
attr unit s
0	0	0	0
0	5	6.014953201419	1
0	14	12.970373519663	2
0	15	17.414309722575	1
0	20	18.543824146672	0
0	31	18.946364158218	1
0	34	19.187540931573	2
0	38	21.739089329722	3
0	42	24.053074860128	2
0	48	24.487792180254	3
0	49	25.035332668696	2
0	54	26.055812822766	1
0	59	26.978972202405	0
0	101	44.478659327011	1
0	103	44.478707479472	2
0	105	44.982575307703	3
0	107	46.11722239716	4
0	109	46.590223635339	5
0	113	47.651127612007	4
0	119	49.699892026624	3
0	127	51.108981556178	2
0	133	51.57263572995	3
0	137	52.883122951309	2
0	143	53.154237404597	1
0	150	55.283446481478	2
0	151	55.413375510198	1
0	156	56.061465708791	0
0	164	58.031323108831	1
0	166	59.11676797229	2
0	170	62.167791127565	3
0	172	62.548761929084	4
0	175	65.80218302842	5
0	177	66.104256126288	6
0	181	66.92720994909	7
0	182	67.405894146938	6
0	187	67.765850896043	5
0	195	69.320808600907	6
0	196	69.377900019345	5
0	201	69.406722724008	4
0	206	72.576377712155	3
0	211	74.08031743236	2
0	216	74.791560129732	1
0	222	75.609831936297	2
0	223	75.678302818368	1
0	229	77.214504961409	0
0	267	83.84625048545	1
0	271	84.827063560474	2
0	274	85.786352721507	1
0	279	85.836114846302	0
0	295	88.811498053344	1
0	297	90.067850931646	0
1	0	0	0
2	0	0	0
2	7	7.236128373723	1
2	25	18.625853702401	0
2	36	20.644716159109	1
2	41	23.444171878415	2
2	63	26.990599068111	3
2	65	29.299206037252	4
2	68	32.091080093012	3
2	74	33.937391084405	4
2	78	35.98191409148	5
2	79	36.139568470632	4
2	84	36.643707515687	3
2	90	38.586920497456	2
2	95	41.316042797739	1
2	99	44.218091146096	2
2	126	50.837255784708	3
2	136	52.587337607654	4
2	168	61.467771150188	5
2	179	66.51605708416	6
2	235	77.500625000869	7
2	236	79.123356731527	6
2	244	80.163154189941	7
2	245	80.511968191382	6
2	250	80.956459196764	5
2	256	82.672874836863	4
2	261	83.027874766013	3
2	273	85.170830778203	4
2	284	86.558011736424	3
2	289	86.630881443158	2
2	305	95.603898702477	1
2	310	95.987167808266	0
3	17	17.414309722575	11.805422302929
3	22	18.543824146672	12.528870945253
3	27	18.625853702401	5.655480182738
3	44	24.053074860128	16.816946486405
3	51	25.035332668696	6.088968510478
3	56	26.055812822766	6.868271891193
3	61	26.978972202405	5.239882872683
3	70	32.091080093012	7.603287912758
3	81	36.139568470632	15.494852311523
3	86	36.643707515687	13.199535637272
3	92	38.586920497456	11.596321429345
3	97	41.316042797739	12.016836760487
3	115	47.651127612007	13.713736527602
3	121	49.699892026624	5.221232699613
3	129	51.108981556178	6.630274076706
3	139	52.883122951309	7.900547643606
3	145	53.154237404597	7.037015007437
3	153	55.413375510198	8.823151874859
3	158	56.061465708791	4.488829978841
3	184	67.405894146938	12.12244766546
3	189	67.765850896043	9.734527787212
3	198	69.377900019345	10.261132047055
3	203	69.406722724008	7.238931596443
3	208	72.576377712155	10.027615783071
3	213	74.08031743236	8.27813440394
3	218	74.791560129732	8.687304003444
3	225	75.678302818368	8.751092869278
3	231	77.214504961409	7.893696360502
3	238	79.123356731527	3.51352479523
3	247	80.511968191382	44.530054099902
3	252	80.956459196764	36.738368050668
3	258	82.672874836863	31.835619052155
3	263	83.027874766013	30.440537158359
3	276	85.786352721507	24.318581571319
3	281	85.836114846302	1.989864360852
3	286	86.558011736424	1.73094817595
3	291	86.630881443158	20.114824358998
3	299	90.067850931646	12.567225930777
3	307	95.603898702477	6.792400649133
3	312	95.987167808266	15.824013618325
3	316	97.708219869466	12.537389091263
4	17	17.414309722575	11.805422302929
4	44	24.053074860128	16.816946486405
4	81	36.139568470632	15.494852311523
4	86	36.643707515687	13.199535637272
4	92	38.586920497456	11.596321429345
4	97	41.316042797739	12.016836760487
4	115	47.651127612007	13.713736527602
4	247	80.511968191382	44.530054099902
4	252	80.956459196764	36.738368050668
4	258	82.672874836863	31.835619052155
4	263	83.027874766013	30.440537158359
4	276	85.786352721507	24.318581571319
4	291	86.630881443158	20.114824358998
4	299	90.067850931646	12.567225930777
4	312	95.987167808266	15.824013618325
4	316	97.708219869466	12.537389091263
5	22	18.543824146672	12.528870945253
5	27	18.625853702401	5.655480182738
5	51	25.035332668696	6.088968510478
5	56	26.055812822766	6.868271891193
5	61	26.978972202405	5.239882872683
5	70	32.091080093012	7.603287912758
5	121	49.699892026624	5.221232699613
5	129	51.108981556178	6.630274076706
5	139	52.883122951309	7.900547643606
5	145	53.154237404597	7.037015007437
5	153	55.413375510198	8.823151874859
5	158	56.061465708791	4.488829978841
5	184	67.405894146938	12.12244766546
5	189	67.765850896043	9.734527787212
5	198	69.377900019345	10.261132047055
5	203	69.406722724008	7.238931596443
5	208	72.576377712155	10.027615783071
5	213	74.08031743236	8.27813440394
5	218	74.791560129732	8.687304003444
5	225	75.678302818368	8.751092869278
5	231	77.214504961409	7.893696360502
5	238	79.123356731527	3.51352479523
5	281	85.836114846302	1.989864360852
5	286	86.558011736424	1.73094817595
5	307	95.603898702477	6.792400649133

