version 2
run Third-n3-6-20191125-12:37:46-4760
attr configname Third-n3
attr datetime 20191125-12:37:46
attr experiment Third-n3
attr inifile omnetpp.ini
attr iterationvars ""
attr iterationvarsf ""
attr measurement ""
attr network org.omnetpp.queueing.Pizza
attr processid 4760
attr repetition 6
attr replication ""
attr resultdir results_no_transient
attr runnumber 6
attr seedset 6
param **.PS.maxInventoriedPS 3
param **.U1.interArrivalTime exponential(4s)
param **.U2.interArrivalTime exponential(6s)
param **.PS.serviceTimeForInventoryU1 exponential(1.4s)
param **.PS.serviceTimeForInventoryU2 exponential(1.4s)
param **.PS.serviceTimeDirectU1 exponential(1.8s)
param **.PS.serviceTimeDirectU2 exponential(1.8s)
param **.PS.probabilityProducing 0.8
param **.CS.serviceTimeU1 exponential(2.3s)
param **.CS.serviceTimeU2 exponential(2.3s)

vector 0 Pizza.EntryQueueU1 queueLength:vector ETV
attr interpolationmode sample-hold
attr title "queue length, vector"
vector 1 Pizza.CS queueLength:vector ETV
attr interpolationmode sample-hold
attr title "queue length, vector"
vector 2 Pizza.EntryQueueU2 queueLength:vector ETV
attr interpolationmode sample-hold
attr title "queue length, vector"
vector 3 Pizza.sink lifeTime:vector ETV
attr interpolationmode none
attr title "lifetime of arrived jobs, vector"
attr unit s
vector 4 Pizza.sink lifeTimeU1:vector ETV
attr interpolationmode none
attr title "lifetime of arrived jobs, vector"
attr unit s
vector 5 Pizza.sink lifeTimeU2:vector ETV
attr interpolationmode none
attr title "lifetime of arrived jobs, vector"
attr unit s
0	0	0	0
0	16	10.9673232238	1
0	17	11.796376726956	0
0	24	13.990789176693	1
0	26	16.543405505668	0
0	39	19.316227995523	1
0	40	23.326989105443	0
0	52	26.172271768259	1
0	54	26.396329469613	2
0	59	30.766858664743	1
0	65	30.877733049412	2
0	67	32.55756393984	1
0	72	33.138727915656	0
0	94	36.775903971779	1
0	96	39.342566043105	0
0	127	48.66015046339	1
0	129	48.905860554684	2
0	130	49.403427209023	1
0	135	50.957529649561	0
0	159	55.946522304719	1
0	163	58.428793108479	2
0	165	59.226621447551	3
0	168	60.70458750163	2
0	173	61.37051730271	1
0	179	61.840053494613	2
0	180	64.485510685945	1
0	189	67.129541887903	0
0	229	78.159430440477	1
0	230	78.704912150132	0
1	0	0	0
2	0	0	0
2	46	23.898748607952	1
2	48	25.936959779442	0
2	111	44.515787428959	1
2	112	44.629193781043	0
2	119	47.642132083468	1
2	121	48.234756978032	0
2	152	55.546932215872	1
2	153	55.724806651365	0
2	167	60.416261535029	1
2	188	66.196720847464	2
2	194	67.621781384931	1
2	199	67.623742925823	0
2	220	73.810469222939	1
2	223	76.435601648819	0
3	8	9.455388172705	0.520907141449
3	19	11.796376726956	1.24814820359
3	28	16.543405505668	5.576082281868
3	32	16.932443246778	2.941654070085
3	42	23.326989105443	5.648069975502
3	50	25.936959779442	6.620731783919
3	61	30.766858664743	6.868110056791
3	69	32.55756393984	6.385292171581
3	74	33.138727915656	6.742398446043
3	79	33.701216396021	2.823483346609
3	86	34.988320880555	0.678949967378
3	98	39.342566043105	2.906010264327
3	102	40.015406473348	3.239502501569
3	114	44.629193781043	1.458778232563
3	123	48.234756978032	3.718969549073
3	132	49.403427209023	1.761295125555
3	137	50.957529649561	2.297379186171
3	141	51.440888438284	2.5350278836
3	155	55.724806651365	0.924891643472
3	170	60.70458750163	5.157655285758
3	175	61.37051730271	5.423994997991
3	182	64.485510685945	6.056717577466
3	191	67.129541887903	7.902920440352
3	196	67.621781384931	5.781727890318
3	201	67.623742925823	7.207481390794
3	205	67.992918180415	1.796197332951
3	215	71.521203804344	2.402957656259
3	225	76.435601648819	2.878667416197
3	232	78.704912150132	4.894442927193
3	236	79.579378841099	1.419948400622
3	243	80.510771409041	0.681413320405
3	252	87.798198990553	0.526271434133
3	259	87.916608156327	0.085779497146
3	268	96.459390293449	3.524280134928
4	8	9.455388172705	0.520907141449
4	19	11.796376726956	1.24814820359
4	28	16.543405505668	5.576082281868
4	32	16.932443246778	2.941654070085
4	50	25.936959779442	6.620731783919
4	69	32.55756393984	6.385292171581
4	74	33.138727915656	6.742398446043
4	79	33.701216396021	2.823483346609
4	86	34.988320880555	0.678949967378
4	102	40.015406473348	3.239502501569
4	114	44.629193781043	1.458778232563
4	137	50.957529649561	2.297379186171
4	141	51.440888438284	2.5350278836
4	155	55.724806651365	0.924891643472
4	175	61.37051730271	5.423994997991
4	182	64.485510685945	6.056717577466
4	191	67.129541887903	7.902920440352
4	196	67.621781384931	5.781727890318
4	236	79.579378841099	1.419948400622
4	243	80.510771409041	0.681413320405
4	252	87.798198990553	0.526271434133
4	259	87.916608156327	0.085779497146
5	42	23.326989105443	5.648069975502
5	61	30.766858664743	6.868110056791
5	98	39.342566043105	2.906010264327
5	123	48.234756978032	3.718969549073
5	132	49.403427209023	1.761295125555
5	170	60.70458750163	5.157655285758
5	201	67.623742925823	7.207481390794
5	205	67.992918180415	1.796197332951
5	215	71.521203804344	2.402957656259
5	225	76.435601648819	2.878667416197
5	232	78.704912150132	4.894442927193
5	268	96.459390293449	3.524280134928

