version 2
run Third-n3-13-20191125-12:37:54-3372
attr configname Third-n3
attr datetime 20191125-12:37:54
attr experiment Third-n3
attr inifile omnetpp.ini
attr iterationvars ""
attr iterationvarsf ""
attr measurement ""
attr network org.omnetpp.queueing.Pizza
attr processid 3372
attr repetition 13
attr replication ""
attr resultdir results_no_transient
attr runnumber 13
attr seedset 13
param **.PS.maxInventoriedPS 3
param **.U1.interArrivalTime exponential(4s)
param **.U2.interArrivalTime exponential(6s)
param **.PS.serviceTimeForInventoryU1 exponential(1.4s)
param **.PS.serviceTimeForInventoryU2 exponential(1.4s)
param **.PS.serviceTimeDirectU1 exponential(1.8s)
param **.PS.serviceTimeDirectU2 exponential(1.8s)
param **.PS.probabilityProducing 0.8
param **.CS.serviceTimeU1 exponential(2.3s)
param **.CS.serviceTimeU2 exponential(2.3s)

vector 0 Pizza.EntryQueueU1 queueLength:vector ETV
attr interpolationmode sample-hold
attr title "queue length, vector"
vector 1 Pizza.CS queueLength:vector ETV
attr interpolationmode sample-hold
attr title "queue length, vector"
vector 2 Pizza.EntryQueueU2 queueLength:vector ETV
attr interpolationmode sample-hold
attr title "queue length, vector"
vector 3 Pizza.sink lifeTime:vector ETV
attr interpolationmode none
attr title "lifetime of arrived jobs, vector"
attr unit s
vector 4 Pizza.sink lifeTimeU2:vector ETV
attr interpolationmode none
attr title "lifetime of arrived jobs, vector"
attr unit s
vector 5 Pizza.sink lifeTimeU1:vector ETV
attr interpolationmode none
attr title "lifetime of arrived jobs, vector"
attr unit s
0	0	0	0
0	5	6.014953201419	1
0	14	12.970373519663	2
0	16	17.414309722575	1
0	21	18.37120545981	0
0	33	19.290304524335	1
0	38	21.156608337206	2
0	40	22.114540637106	1
0	47	22.340970680938	2
0	52	24.306659198473	1
0	57	25.767477574077	0
0	122	49.840835802453	1
0	126	50.962209155365	2
0	127	52.328373635142	1
0	133	53.42538401951	0
0	140	54.873920375547	1
0	142	55.155256166828	2
0	144	55.626759563851	3
0	147	56.829550210815	2
0	152	57.171063006773	1
0	159	60.053097386373	0
0	165	60.261292657569	1
0	166	60.503147315183	0
0	193	64.820342619692	1
0	194	65.392495907051	0
0	204	67.303607677085	1
0	207	72.816051134731	2
0	208	75.042401067017	1
0	216	80.664282388544	0
0	239	91.430206857738	1
0	240	93.505779483997	0
0	247	93.845183309659	1
0	248	96.959043482337	0
0	254	97.1836343685	1
0	255	97.403534487719	0
1	0	0	0
2	0	0	0
2	7	7.236128373723	1
2	26	19.186468862419	0
2	36	20.644716159109	1
2	51	24.191143348805	2
2	62	25.92226566096	1
2	68	26.499750317946	2
2	69	26.705999480339	1
2	77	30.270113077611	0
2	106	39.629215648643	1
2	108	41.983757255973	2
2	109	43.086971402661	1
2	115	43.888116176741	2
2	116	46.405266886082	1
2	120	49.232718997481	2
2	146	56.193937164899	3
2	173	60.89527478078	4
2	176	62.257485629466	3
2	182	63.45286687524	2
2	187	63.459571150886	1
2	200	65.775406429784	2
2	202	65.850596094121	3
2	215	78.31700593562	4
2	221	80.733828771632	3
2	225	81.04099362078	4
2	227	84.094080802469	5
2	230	84.534078191989	4
2	234	84.973664970289	5
2	260	98.360129047392	4
3	18	17.414309722575	11.805422302929
3	23	18.37120545981	12.356252258391
3	28	19.186468862419	6.216095342756
3	42	22.114540637106	14.878412263383
3	54	24.306659198473	5.016354674138
3	59	25.767477574077	4.610869236871
3	64	25.92226566096	3.581294980022
3	71	26.705999480339	6.06128332123
3	79	30.270113077611	6.078969728806
3	83	32.727520833465	6.227770515519
3	91	35.755598042832	1.503515170271
3	99	37.674825223004	0.289724001233
3	111	43.086971402661	4.167257611287
3	118	46.405266886082	6.776051237439
3	129	52.328373635142	10.344616379169
3	135	53.42538401951	3.584548217057
3	149	56.829550210815	5.86734105545
3	154	57.171063006773	2.297142631226
3	161	60.053097386373	4.897841219545
3	168	60.503147315183	4.876387751332
3	178	62.257485629466	1.996192971897
3	184	63.45286687524	19.564750698499
3	189	63.459571150886	14.226852153405
3	196	65.392495907051	9.198558742152
3	210	75.042401067017	10.222058447325
3	218	80.664282388544	13.360674711459
3	223	80.733828771632	7.917777636901
3	232	84.534078191989	23.638803411209
3	242	93.505779483997	27.730373054213
3	250	96.959043482337	5.528836624599
3	257	97.403534487719	3.55835117806
3	262	98.360129047392	1.176494678892
4	18	17.414309722575	11.805422302929
4	42	22.114540637106	14.878412263383
4	71	26.705999480339	6.06128332123
4	79	30.270113077611	6.078969728806
4	83	32.727520833465	6.227770515519
4	111	43.086971402661	4.167257611287
4	118	46.405266886082	6.776051237439
4	129	52.328373635142	10.344616379169
4	184	63.45286687524	19.564750698499
4	189	63.459571150886	14.226852153405
4	196	65.392495907051	9.198558742152
4	232	84.534078191989	23.638803411209
4	242	93.505779483997	27.730373054213
5	23	18.37120545981	12.356252258391
5	28	19.186468862419	6.216095342756
5	54	24.306659198473	5.016354674138
5	59	25.767477574077	4.610869236871
5	64	25.92226566096	3.581294980022
5	91	35.755598042832	1.503515170271
5	99	37.674825223004	0.289724001233
5	135	53.42538401951	3.584548217057
5	149	56.829550210815	5.86734105545
5	154	57.171063006773	2.297142631226
5	161	60.053097386373	4.897841219545
5	168	60.503147315183	4.876387751332
5	178	62.257485629466	1.996192971897
5	210	75.042401067017	10.222058447325
5	218	80.664282388544	13.360674711459
5	223	80.733828771632	7.917777636901
5	250	96.959043482337	5.528836624599
5	257	97.403534487719	3.55835117806
5	262	98.360129047392	1.176494678892

