version 2
run Third-n5-14-20191125-12:38:11-1328
attr configname Third-n5
attr datetime 20191125-12:38:11
attr experiment Third-n5
attr inifile omnetpp.ini
attr iterationvars ""
attr iterationvarsf ""
attr measurement ""
attr network org.omnetpp.queueing.Pizza
attr processid 1328
attr repetition 14
attr replication ""
attr resultdir results_no_transient
attr runnumber 14
attr seedset 14
param **.PS.maxInventoriedPS 5
param **.U1.interArrivalTime exponential(4s)
param **.U2.interArrivalTime exponential(6s)
param **.PS.serviceTimeForInventoryU1 exponential(1.4s)
param **.PS.serviceTimeForInventoryU2 exponential(1.4s)
param **.PS.serviceTimeDirectU1 exponential(1.8s)
param **.PS.serviceTimeDirectU2 exponential(1.8s)
param **.PS.probabilityProducing 0.8
param **.CS.serviceTimeU1 exponential(2.3s)
param **.CS.serviceTimeU2 exponential(2.3s)

vector 0 Pizza.EntryQueueU1 queueLength:vector ETV
attr interpolationmode sample-hold
attr title "queue length, vector"
vector 1 Pizza.CS queueLength:vector ETV
attr interpolationmode sample-hold
attr title "queue length, vector"
vector 2 Pizza.EntryQueueU2 queueLength:vector ETV
attr interpolationmode sample-hold
attr title "queue length, vector"
vector 3 Pizza.sink lifeTime:vector ETV
attr interpolationmode none
attr title "lifetime of arrived jobs, vector"
attr unit s
vector 4 Pizza.sink lifeTimeU1:vector ETV
attr interpolationmode none
attr title "lifetime of arrived jobs, vector"
attr unit s
vector 5 Pizza.sink lifeTimeU2:vector ETV
attr interpolationmode none
attr title "lifetime of arrived jobs, vector"
attr unit s
0	0	0	0
0	26	12.921474105548	1
0	29	13.601412545419	0
0	77	31.117772538856	1
0	79	31.465887128178	2
0	81	31.574568107782	3
0	84	37.065145885664	4
0	86	37.322660226112	5
0	87	38.909047618395	4
0	97	42.029640834274	3
0	104	43.413621131833	2
0	109	44.410184263617	1
0	118	47.194901536928	2
0	119	48.297331162658	1
0	124	49.07828176947	0
0	152	69.426316817313	1
0	158	74.428094700843	2
0	162	74.894468868166	3
0	166	77.685662747925	4
0	167	78.643122579993	3
0	173	80.874283870544	2
0	178	81.248544580741	1
0	185	82.930641184754	2
0	186	83.369508308615	1
0	191	83.586163597347	0
0	197	83.594980041333	1
0	200	86.62903918852	0
0	206	87.359980379672	1
0	207	88.260787358155	0
0	221	90.716647360197	1
0	226	92.208843940101	0
0	234	93.232188467014	1
0	238	95.272737561617	2
0	239	96.042427731373	1
0	244	96.265950591267	0
0	250	96.565941530557	1
0	254	98.8441270289	2
1	0	0	0
2	0	0	0
2	37	15.298087255991	1
2	40	16.83972233456	2
2	41	19.803319457365	1
2	47	20.071634574195	0
2	93	39.191433663109	1
2	95	39.701088721453	2
2	103	42.845727408681	3
2	131	51.567741275074	2
2	136	52.034763539983	1
2	141	53.419609996334	0
2	154	71.595281376995	1
2	156	73.294600293375	2
2	160	74.489782713508	3
2	213	88.804040173496	4
2	216	90.214438015438	5
2	217	90.601708585907	4
2	236	93.457794436049	5
3	7	4.841322362366	1.955602056708
3	17	9.701079122962	0.881228344075
3	31	13.601412545419	3.777477304531
3	43	19.803319457365	6.881845351817
3	49	20.071634574195	4.773547318204
3	53	23.76730311678	6.92758078222
3	62	28.243474941174	1.757756580247
3	70	29.524504103468	0.462075583493
3	89	38.909047618395	9.34607870358
3	99	42.029640834274	10.911868295418
3	106	43.413621131833	11.947734003655
3	111	44.410184263617	12.835616155835
3	121	48.297331162658	11.232185276994
3	126	49.07828176947	11.755621543358
3	133	51.567741275074	4.372839738146
3	138	52.034763539983	12.843329876874
3	143	53.419609996334	13.718521274881
3	147	54.21374013735	11.368012728669
3	169	78.643122579993	11.204180080047
3	175	80.874283870544	11.447967053231
3	180	81.248544580741	6.820449879898
3	188	83.369508308615	8.475039440449
3	193	83.586163597347	5.900500849422
3	202	86.62903918852	3.698398003766
3	209	88.260787358155	4.665807316822
3	219	90.601708585907	3.241728206235
3	228	92.208843940101	20.613562563106
3	241	96.042427731373	5.325780371176
3	246	96.265950591267	3.033762124253
4	7	4.841322362366	1.955602056708
4	17	9.701079122962	0.881228344075
4	31	13.601412545419	3.777477304531
4	43	19.803319457365	6.881845351817
4	62	28.243474941174	1.757756580247
4	70	29.524504103468	0.462075583493
4	89	38.909047618395	9.34607870358
4	99	42.029640834274	10.911868295418
4	106	43.413621131833	11.947734003655
4	111	44.410184263617	12.835616155835
4	121	48.297331162658	11.232185276994
4	126	49.07828176947	11.755621543358
4	133	51.567741275074	4.372839738146
4	175	80.874283870544	11.447967053231
4	180	81.248544580741	6.820449879898
4	188	83.369508308615	8.475039440449
4	193	83.586163597347	5.900500849422
4	202	86.62903918852	3.698398003766
4	209	88.260787358155	4.665807316822
4	219	90.601708585907	3.241728206235
4	241	96.042427731373	5.325780371176
4	246	96.265950591267	3.033762124253
5	49	20.071634574195	4.773547318204
5	53	23.76730311678	6.92758078222
5	138	52.034763539983	12.843329876874
5	143	53.419609996334	13.718521274881
5	147	54.21374013735	11.368012728669
5	169	78.643122579993	11.204180080047
5	228	92.208843940101	20.613562563106

