version 2
run Third-n3-4-20191125-12:37:44-6064
attr configname Third-n3
attr datetime 20191125-12:37:44
attr experiment Third-n3
attr inifile omnetpp.ini
attr iterationvars ""
attr iterationvarsf ""
attr measurement ""
attr network org.omnetpp.queueing.Pizza
attr processid 6064
attr repetition 4
attr replication ""
attr resultdir results_no_transient
attr runnumber 4
attr seedset 4
param **.PS.maxInventoriedPS 3
param **.U1.interArrivalTime exponential(4s)
param **.U2.interArrivalTime exponential(6s)
param **.PS.serviceTimeForInventoryU1 exponential(1.4s)
param **.PS.serviceTimeForInventoryU2 exponential(1.4s)
param **.PS.serviceTimeDirectU1 exponential(1.8s)
param **.PS.serviceTimeDirectU2 exponential(1.8s)
param **.PS.probabilityProducing 0.8
param **.CS.serviceTimeU1 exponential(2.3s)
param **.CS.serviceTimeU2 exponential(2.3s)

vector 0 Pizza.EntryQueueU1 queueLength:vector ETV
attr interpolationmode sample-hold
attr title "queue length, vector"
vector 1 Pizza.CS queueLength:vector ETV
attr interpolationmode sample-hold
attr title "queue length, vector"
vector 2 Pizza.EntryQueueU2 queueLength:vector ETV
attr interpolationmode sample-hold
attr title "queue length, vector"
vector 3 Pizza.sink lifeTime:vector ETV
attr interpolationmode none
attr title "lifetime of arrived jobs, vector"
attr unit s
vector 4 Pizza.sink lifeTimeU1:vector ETV
attr interpolationmode none
attr title "lifetime of arrived jobs, vector"
attr unit s
vector 5 Pizza.sink lifeTimeU2:vector ETV
attr interpolationmode none
attr title "lifetime of arrived jobs, vector"
attr unit s
0	0	0	0
0	18	16.81811321791	1
0	21	20.827284776736	2
0	23	20.847974793707	3
0	25	21.728991071932	4
0	26	24.754643265525	3
0	32	25.12685249304	4
0	36	28.833549683252	5
0	37	34.180947508366	4
0	42	35.304937293093	3
0	51	35.517691403603	4
0	53	35.594523563836	5
0	54	37.679879903147	4
0	63	44.351011506837	3
0	69	46.462754840551	2
0	75	47.496462697739	3
0	77	49.503197234703	2
0	85	54.201133797544	1
0	90	54.464497530854	0
0	97	54.915978526703	1
0	99	55.061943534493	0
0	121	57.888725332353	1
0	122	58.286023201293	0
0	130	59.622170043599	1
0	131	60.955147940063	0
0	142	62.858565401399	1
0	144	64.661588619433	2
0	146	65.739078555061	3
0	150	66.866821062678	2
0	158	69.798631540804	3
0	160	72.62997288601	2
0	165	73.643435807431	1
0	170	74.568569632111	0
0	179	78.157312676112	1
0	181	78.882228339553	0
0	217	92.514869337594	1
0	220	94.322897745727	2
0	221	98.868114975417	1
1	0	0	0
2	0	0	0
2	5	13.85291418384	1
2	9	16.149876476012	0
2	49	35.454687909356	1
2	60	38.892454368616	2
2	84	50.96491484828	3
2	104	55.696293576284	2
2	110	56.859339784404	1
2	115	57.202895050995	0
2	176	75.336591707907	1
2	188	80.974033470596	0
3	11	16.149876476012	2.501267199274
3	28	24.754643265525	10.901729081685
3	39	34.180947508366	17.362834290456
3	44	35.304937293093	14.477652516357
3	56	37.679879903147	16.83190510944
3	65	44.351011506837	22.622020434905
3	71	46.462754840551	21.335902347511
3	79	49.503197234703	20.669647551451
3	87	54.201133797544	18.683442393941
3	92	54.464497530854	18.869973967018
3	101	55.061943534493	7.565480836754
3	106	55.696293576284	0.780315049581
3	112	56.859339784404	21.404651875048
3	117	57.202895050995	18.310440682379
3	124	58.286023201293	7.321108353013
3	133	60.955147940063	3.06642260771
3	137	61.066849646072	1.444679602473
3	152	66.866821062678	5.081705300663
3	162	72.62997288601	9.771407484611
3	167	73.643435807431	8.981847187998
3	172	74.568569632111	8.82949107705
3	183	78.882228339553	9.083596798749
3	190	80.974033470596	2.816720794484
3	194	81.537929698203	6.201337990296
3	201	83.202942188015	0.243301593804
3	210	86.948660159941	0.408889309969
3	223	98.868114975417	6.906556721509
4	11	16.149876476012	2.501267199274
4	39	34.180947508366	17.362834290456
4	44	35.304937293093	14.477652516357
4	56	37.679879903147	16.83190510944
4	65	44.351011506837	22.622020434905
4	71	46.462754840551	21.335902347511
4	79	49.503197234703	20.669647551451
4	87	54.201133797544	18.683442393941
4	92	54.464497530854	18.869973967018
4	101	55.061943534493	7.565480836754
4	106	55.696293576284	0.780315049581
4	133	60.955147940063	3.06642260771
4	137	61.066849646072	1.444679602473
4	162	72.62997288601	9.771407484611
4	167	73.643435807431	8.981847187998
4	172	74.568569632111	8.82949107705
4	183	78.882228339553	9.083596798749
4	190	80.974033470596	2.816720794484
4	201	83.202942188015	0.243301593804
4	223	98.868114975417	6.906556721509
5	28	24.754643265525	10.901729081685
5	112	56.859339784404	21.404651875048
5	117	57.202895050995	18.310440682379
5	124	58.286023201293	7.321108353013
5	152	66.866821062678	5.081705300663
5	194	81.537929698203	6.201337990296
5	210	86.948660159941	0.408889309969

