version 2
run Third-n5-0-20191125-12:37:49-11132
attr configname Third-n5
attr datetime 20191125-12:37:49
attr experiment Third-n5
attr inifile omnetpp.ini
attr iterationvars ""
attr iterationvarsf ""
attr measurement ""
attr network org.omnetpp.queueing.Pizza
attr processid 11132
attr repetition 0
attr replication ""
attr resultdir results_no_transient
attr runnumber 0
attr seedset 0
param **.PS.maxInventoriedPS 5
param **.U1.interArrivalTime exponential(4s)
param **.U2.interArrivalTime exponential(6s)
param **.PS.serviceTimeForInventoryU1 exponential(1.4s)
param **.PS.serviceTimeForInventoryU2 exponential(1.4s)
param **.PS.serviceTimeDirectU1 exponential(1.8s)
param **.PS.serviceTimeDirectU2 exponential(1.8s)
param **.PS.probabilityProducing 0.8
param **.CS.serviceTimeU1 exponential(2.3s)
param **.CS.serviceTimeU2 exponential(2.3s)

vector 0 Pizza.EntryQueueU1 queueLength:vector ETV
attr interpolationmode sample-hold
attr title "queue length, vector"
vector 1 Pizza.CS queueLength:vector ETV
attr interpolationmode sample-hold
attr title "queue length, vector"
vector 2 Pizza.EntryQueueU2 queueLength:vector ETV
attr interpolationmode sample-hold
attr title "queue length, vector"
vector 3 Pizza.sink lifeTime:vector ETV
attr interpolationmode none
attr title "lifetime of arrived jobs, vector"
attr unit s
vector 4 Pizza.sink lifeTimeU1:vector ETV
attr interpolationmode none
attr title "lifetime of arrived jobs, vector"
attr unit s
vector 5 Pizza.sink lifeTimeU2:vector ETV
attr interpolationmode none
attr title "lifetime of arrived jobs, vector"
attr unit s
0	0	0	0
0	10	8.207221050453	1
0	13	10.852402924663	0
0	26	12.359858253108	1
0	32	15.370554706359	2
0	33	15.430707809346	1
0	40	15.665296128219	2
0	46	17.833316578455	1
0	51	19.309247675615	0
0	65	22.815246781974	1
0	69	26.413562111084	0
0	76	26.900974279371	1
0	78	27.645363267608	0
0	84	27.725787407493	1
0	87	28.306899516662	2
0	89	29.578133090516	1
0	97	31.785093438463	0
0	103	32.152423272925	1
0	104	33.159909415145	0
0	110	33.93449725313	1
0	114	38.510516857042	0
0	120	38.718928450958	1
0	122	39.053792281032	0
0	129	40.49254456544	1
0	130	41.206733868506	0
0	137	42.064994794656	1
0	138	42.534579783361	0
0	185	59.88298217936	1
0	186	60.73640706937	0
0	204	72.204675119154	1
0	206	72.285435631739	2
0	207	72.435822670344	1
0	213	72.445340827972	2
0	216	72.957567889217	3
0	218	74.362272246742	4
0	224	76.984857384197	5
0	226	78.515661179644	6
0	227	81.386433952888	5
0	232	81.538917976297	4
0	240	83.454458063249	3
0	247	87.012609967651	4
0	254	89.171297484296	3
0	259	89.496358125486	2
0	265	90.444192531948	3
0	270	91.810809200052	4
0	278	93.731307809906	3
0	284	94.095493274236	2
0	291	95.343325367889	3
0	293	96.70471232083	4
0	294	96.89346317714	3
1	0	0	0
2	0	0	0
2	5	5.391362330904	1
2	19	10.930701119729	2
2	20	11.584622048599	1
2	29	13.83231374942	2
2	43	16.825545803515	3
2	45	17.732930925505	4
2	56	20.732785432756	3
2	61	22.345232532606	2
2	96	29.974816473156	3
2	145	44.967580534071	2
2	151	46.97298699741	1
2	157	47.242306600822	2
2	158	48.41725263369	1
2	163	50.664040004053	0
2	169	51.104992610437	1
2	170	51.244666867639	0
2	202	66.883814419272	1
2	220	74.949286052186	2
2	222	75.707617870738	3
2	238	82.70885903003	4
2	249	87.725444221852	5
2	252	88.246067115889	6
2	267	90.547428400481	7
2	273	92.392534743055	8
2	275	92.514409495829	9
2	277	93.595923007738	10
3	15	10.852402924663	7.6689049064
3	22	11.584622048599	3.377400998146
3	35	15.430707809346	10.039345478442
3	48	17.833316578455	5.473458325347
3	53	19.309247675615	3.938692969256
3	58	20.732785432756	5.067489304537
3	63	22.345232532606	11.414531412877
3	71	26.413562111084	12.581248361664
3	80	27.645363267608	4.830116485634
3	91	29.578133090516	2.677158811145
3	99	31.785093438463	4.05930603097
3	106	33.159909415145	4.853009898483
3	116	38.510516857042	6.358093584117
3	124	39.053792281032	5.119295027902
3	132	41.206733868506	2.487805417548
3	140	42.534579783361	2.042035217921
3	147	44.967580534071	2.902585739415
3	153	46.97298699741	30.147441193895
3	160	48.41725263369	30.684321708185
3	165	50.664040004053	20.689223530897
3	172	51.244666867639	4.002360266817
3	176	53.509235041788	2.404242431351
3	188	60.73640706937	2.892404649733
3	192	60.968787052581	1.085804873221
3	209	72.435822670344	8.652432754359
3	229	81.386433952888	9.181758833734
3	234	81.538917976297	9.253482344558
3	242	83.454458063249	11.009117235277
3	256	89.171297484296	16.213729595079
3	261	89.496358125486	15.134085878744
3	280	93.731307809906	16.746450425709
3	286	94.095493274236	15.579832094592
3	296	96.89346317714	9.880853209489
4	15	10.852402924663	7.6689049064
4	22	11.584622048599	3.377400998146
4	48	17.833316578455	5.473458325347
4	53	19.309247675615	3.938692969256
4	58	20.732785432756	5.067489304537
4	80	27.645363267608	4.830116485634
4	91	29.578133090516	2.677158811145
4	99	31.785093438463	4.05930603097
4	106	33.159909415145	4.853009898483
4	116	38.510516857042	6.358093584117
4	124	39.053792281032	5.119295027902
4	132	41.206733868506	2.487805417548
4	140	42.534579783361	2.042035217921
4	147	44.967580534071	2.902585739415
4	192	60.968787052581	1.085804873221
4	209	72.435822670344	8.652432754359
4	229	81.386433952888	9.181758833734
4	234	81.538917976297	9.253482344558
4	242	83.454458063249	11.009117235277
4	256	89.171297484296	16.213729595079
4	261	89.496358125486	15.134085878744
4	280	93.731307809906	16.746450425709
4	286	94.095493274236	15.579832094592
4	296	96.89346317714	9.880853209489
5	35	15.430707809346	10.039345478442
5	63	22.345232532606	11.414531412877
5	71	26.413562111084	12.581248361664
5	153	46.97298699741	30.147441193895
5	160	48.41725263369	30.684321708185
5	165	50.664040004053	20.689223530897
5	172	51.244666867639	4.002360266817
5	176	53.509235041788	2.404242431351
5	188	60.73640706937	2.892404649733

