version 2
run Third-n5-16-20191125-12:38:12-7960
attr configname Third-n5
attr datetime 20191125-12:38:12
attr experiment Third-n5
attr inifile omnetpp.ini
attr iterationvars ""
attr iterationvarsf ""
attr measurement ""
attr network org.omnetpp.queueing.Pizza
attr processid 7960
attr repetition 16
attr replication ""
attr resultdir results_no_transient
attr runnumber 16
attr seedset 16
param **.PS.maxInventoriedPS 5
param **.U1.interArrivalTime exponential(4s)
param **.U2.interArrivalTime exponential(6s)
param **.PS.serviceTimeForInventoryU1 exponential(1.4s)
param **.PS.serviceTimeForInventoryU2 exponential(1.4s)
param **.PS.serviceTimeDirectU1 exponential(1.8s)
param **.PS.serviceTimeDirectU2 exponential(1.8s)
param **.PS.probabilityProducing 0.8
param **.CS.serviceTimeU1 exponential(2.3s)
param **.CS.serviceTimeU2 exponential(2.3s)

vector 0 Pizza.EntryQueueU1 queueLength:vector ETV
attr interpolationmode sample-hold
attr title "queue length, vector"
vector 1 Pizza.CS queueLength:vector ETV
attr interpolationmode sample-hold
attr title "queue length, vector"
vector 2 Pizza.EntryQueueU2 queueLength:vector ETV
attr interpolationmode sample-hold
attr title "queue length, vector"
vector 3 Pizza.sink lifeTime:vector ETV
attr interpolationmode none
attr title "lifetime of arrived jobs, vector"
attr unit s
vector 4 Pizza.sink lifeTimeU1:vector ETV
attr interpolationmode none
attr title "lifetime of arrived jobs, vector"
attr unit s
vector 5 Pizza.sink lifeTimeU2:vector ETV
attr interpolationmode none
attr title "lifetime of arrived jobs, vector"
attr unit s
0	0	0	0
0	16	3.973083641955	1
0	21	4.688305459949	2
0	25	8.005835543379	3
0	27	8.754840503303	2
0	33	9.553892796862	1
0	40	9.767627850679	0
0	50	11.325688939559	1
0	52	12.591572053078	0
0	58	12.609991317831	1
0	60	12.786700685723	2
0	62	13.030425396742	3
0	64	16.551404060167	2
0	71	18.61491405505	3
0	72	19.903733233217	2
0	79	21.402619895244	3
0	81	21.621709219642	4
0	83	22.027484820274	5
0	84	22.383073972487	4
0	92	26.432138136085	3
0	98	26.64852587591	4
0	99	29.125611420955	3
0	104	29.152165671212	2
0	109	29.798531442742	1
0	114	30.144465788901	0
0	133	31.93058419436	1
0	134	31.932419982644	0
0	147	35.363005289088	1
0	150	37.350788177622	2
0	152	37.891938596961	1
0	158	39.530411124144	2
0	162	46.174159537317	3
0	165	51.08878137849	4
0	168	54.651326341718	3
0	174	57.485593517649	2
0	180	58.035444835638	3
0	182	59.563469664081	2
0	191	63.16960539274	3
0	193	64.057994916244	4
0	194	67.83014028574	3
0	202	68.981649952999	2
0	208	69.993545175036	1
0	216	71.233217805584	0
0	240	83.651390919186	1
0	242	84.181814001803	2
0	243	85.785433058559	1
0	249	90.855956448707	0
0	262	93.806543549916	1
1	0	0	0
2	0	0	0
2	14	3.375738702232	1
2	39	9.740565964986	2
2	47	11.193470331478	3
2	91	26.176828276603	4
2	119	30.544737301525	3
2	124	31.152503498521	2
2	131	31.889758854506	3
2	141	32.946005562896	2
2	167	54.485038296448	3
2	189	62.40317661451	4
2	201	67.974849459292	5
2	214	70.460541261712	6
2	223	75.707339398798	7
2	224	75.932118731626	6
2	229	77.330533551411	5
2	234	81.092722982222	4
2	256	93.074753106511	3
2	264	96.089286063507	4
2	266	98.736045537925	5
2	268	99.991210266502	6
3	7	1.221245552503	0.210487082057
3	29	8.754840503303	6.381845475745
3	35	9.553892796862	5.580809154907
3	42	9.767627850679	5.07932239073
3	54	12.591572053078	4.585736509699
3	66	16.551404060167	5.225715120608
3	74	19.903733233217	7.293741915386
3	86	22.383073972487	9.596373286764
3	94	26.432138136085	13.401712739343
3	101	29.125611420955	10.510697365905
3	106	29.152165671212	7.749545775968
3	111	29.798531442742	8.1768222231
3	116	30.144465788901	8.116980968627
3	121	30.544737301525	3.896211425615
3	126	31.152503498521	27.776764796289
3	136	31.932419982644	22.191854017658
3	143	32.946005562896	1.015421368536
3	154	37.891938596961	26.698468265483
3	170	54.651326341718	19.28832105263
3	176	57.485593517649	20.134805340027
3	184	59.563469664081	20.033058539937
3	196	67.83014028574	21.655980748423
3	204	68.981649952999	17.892868574509
3	210	69.993545175036	11.958100339398
3	218	71.233217805584	8.063612412844
3	226	75.932118731626	11.874123815382
3	231	77.330533551411	51.153705274808
3	236	81.092722982222	49.202964127716
3	245	85.785433058559	31.300394762111
3	251	90.855956448707	7.204565529521
3	258	93.074753106511	8.892939104708
4	7	1.221245552503	0.210487082057
4	35	9.553892796862	5.580809154907
4	42	9.767627850679	5.07932239073
4	54	12.591572053078	4.585736509699
4	66	16.551404060167	5.225715120608
4	74	19.903733233217	7.293741915386
4	86	22.383073972487	9.596373286764
4	94	26.432138136085	13.401712739343
4	101	29.125611420955	10.510697365905
4	106	29.152165671212	7.749545775968
4	111	29.798531442742	8.1768222231
4	116	30.144465788901	8.116980968627
4	121	30.544737301525	3.896211425615
4	143	32.946005562896	1.015421368536
4	170	54.651326341718	19.28832105263
4	176	57.485593517649	20.134805340027
4	184	59.563469664081	20.033058539937
4	196	67.83014028574	21.655980748423
4	204	68.981649952999	17.892868574509
4	210	69.993545175036	11.958100339398
4	218	71.233217805584	8.063612412844
4	226	75.932118731626	11.874123815382
4	251	90.855956448707	7.204565529521
4	258	93.074753106511	8.892939104708
5	29	8.754840503303	6.381845475745
5	126	31.152503498521	27.776764796289
5	136	31.932419982644	22.191854017658
5	154	37.891938596961	26.698468265483
5	231	77.330533551411	51.153705274808
5	236	81.092722982222	49.202964127716
5	245	85.785433058559	31.300394762111

