version 2
run Third-n2-1-20191125-12:37:35-2408
attr configname Third-n2
attr datetime 20191125-12:37:35
attr experiment Third-n2
attr inifile omnetpp.ini
attr iterationvars ""
attr iterationvarsf ""
attr measurement ""
attr network org.omnetpp.queueing.Pizza
attr processid 2408
attr repetition 1
attr replication ""
attr resultdir results_no_transient
attr runnumber 1
attr seedset 1
param **.PS.maxInventoriedPS 2
param **.U1.interArrivalTime exponential(4s)
param **.U2.interArrivalTime exponential(6s)
param **.PS.serviceTimeForInventoryU1 exponential(1.4s)
param **.PS.serviceTimeForInventoryU2 exponential(1.4s)
param **.PS.serviceTimeDirectU1 exponential(1.8s)
param **.PS.serviceTimeDirectU2 exponential(1.8s)
param **.PS.probabilityProducing 0.8
param **.CS.serviceTimeU1 exponential(2.3s)
param **.CS.serviceTimeU2 exponential(2.3s)

vector 0 Pizza.EntryQueueU1 queueLength:vector ETV
attr interpolationmode sample-hold
attr title "queue length, vector"
vector 1 Pizza.CS queueLength:vector ETV
attr interpolationmode sample-hold
attr title "queue length, vector"
vector 2 Pizza.EntryQueueU2 queueLength:vector ETV
attr interpolationmode sample-hold
attr title "queue length, vector"
vector 3 Pizza.sink lifeTime:vector ETV
attr interpolationmode none
attr title "lifetime of arrived jobs, vector"
attr unit s
vector 4 Pizza.sink lifeTimeU1:vector ETV
attr interpolationmode none
attr title "lifetime of arrived jobs, vector"
attr unit s
vector 5 Pizza.sink lifeTimeU2:vector ETV
attr interpolationmode none
attr title "lifetime of arrived jobs, vector"
attr unit s
0	0	0	0
0	8	7.254924258687	1
0	10	7.84011273442	0
0	16	8.332140089392	1
0	18	8.815258635677	0
0	34	15.737672235488	1
0	35	17.604517254212	0
0	82	45.41909877662	1
0	84	45.833200185243	2
0	85	47.728423575114	1
0	94	49.429612510892	2
0	101	54.138638874568	3
0	104	55.013579096755	2
0	109	56.237052952002	1
0	116	58.778474347854	2
0	117	59.426858039923	1
0	123	60.183836139964	0
0	150	63.101199107903	1
0	156	64.541063759281	0
0	172	73.050180686786	1
0	173	73.672805476571	0
0	182	74.259896352674	1
0	188	76.39802048621	2
0	189	76.855936709504	1
0	194	78.621525946523	0
0	205	79.509360868213	1
0	206	80.368825653024	0
0	232	88.09597817576	1
0	234	88.636119150749	2
0	236	90.670001691143	1
0	244	93.867165527906	0
0	259	97.228922903937	1
0	260	98.391653246259	0
1	0	0	0
2	0	0	0
2	65	35.820708600637	1
2	68	40.044768088695	0
2	91	47.836491463092	1
2	97	51.02049733946	2
2	99	53.295034185892	3
2	103	54.214781412034	4
2	129	60.359083818999	3
2	135	61.15854921748	2
2	141	61.478927501197	1
2	146	61.679780596459	0
2	152	63.390630364161	1
2	163	64.817342525351	2
2	164	66.460432311564	1
2	170	70.527891276658	2
2	178	73.92110817971	1
2	186	75.867325720677	2
2	201	79.075774427995	3
2	203	79.257301098274	4
2	211	80.708974493646	3
2	217	84.556686367004	4
2	219	85.566800381417	3
2	224	86.923143082098	2
2	228	87.401569291468	3
2	243	92.479479202783	4
2	250	94.881195372773	3
2	254	95.054016125329	4
3	12	7.84011273442	5.681689428373
3	20	8.815258635677	1.56033437699
3	24	10.064939206516	1.732799117124
3	37	17.604517254212	4.840803781437
3	42	19.009870639531	3.272198404043
3	51	23.888279199585	3.710285689896
3	58	32.238796786377	0.864888831554
3	70	40.044768088695	4.808418922807
3	75	40.778232450203	4.957523849566
3	87	47.728423575114	2.553607271147
3	106	55.013579096755	9.594480320135
3	111	56.237052952002	10.403852766759
3	119	59.426858039923	9.997245529031
3	125	60.183836139964	6.045197265396
3	131	60.359083818999	1.580609471145
3	137	61.15854921748	13.322057754388
3	143	61.478927501197	10.458430161737
3	148	61.679780596459	8.384746410567
3	158	64.541063759281	10.326282347247
3	166	66.460432311564	3.359233203661
3	175	73.672805476571	10.28217511241
3	180	73.92110817971	0.870927492924
3	191	76.855936709504	12.038594184153
3	196	78.621525946523	4.361629593849
3	208	80.368825653024	3.970805166814
3	213	80.708974493646	1.199613625433
3	221	85.566800381417	15.038909104759
3	226	86.923143082098	11.055817361421
3	238	90.670001691143	11.594227263148
3	246	93.867165527906	5.771187352146
3	252	94.881195372773	6.245076222024
3	262	98.391653246259	19.134352147985
4	12	7.84011273442	5.681689428373
4	20	8.815258635677	1.56033437699
4	24	10.064939206516	1.732799117124
4	37	17.604517254212	4.840803781437
4	42	19.009870639531	3.272198404043
4	51	23.888279199585	3.710285689896
4	58	32.238796786377	0.864888831554
4	87	47.728423575114	2.553607271147
4	106	55.013579096755	9.594480320135
4	111	56.237052952002	10.403852766759
4	119	59.426858039923	9.997245529031
4	125	60.183836139964	6.045197265396
4	131	60.359083818999	1.580609471145
4	166	66.460432311564	3.359233203661
4	180	73.92110817971	0.870927492924
4	196	78.621525946523	4.361629593849
4	208	80.368825653024	3.970805166814
4	213	80.708974493646	1.199613625433
4	246	93.867165527906	5.771187352146
4	252	94.881195372773	6.245076222024
5	70	40.044768088695	4.808418922807
5	75	40.778232450203	4.957523849566
5	137	61.15854921748	13.322057754388
5	143	61.478927501197	10.458430161737
5	148	61.679780596459	8.384746410567
5	158	64.541063759281	10.326282347247
5	175	73.672805476571	10.28217511241
5	191	76.855936709504	12.038594184153
5	221	85.566800381417	15.038909104759
5	226	86.923143082098	11.055817361421
5	238	90.670001691143	11.594227263148
5	262	98.391653246259	19.134352147985

