version 2
run Third-n2-16-20191125-12:37:48-2040
attr configname Third-n2
attr datetime 20191125-12:37:48
attr experiment Third-n2
attr inifile omnetpp.ini
attr iterationvars ""
attr iterationvarsf ""
attr measurement ""
attr network org.omnetpp.queueing.Pizza
attr processid 2040
attr repetition 16
attr replication ""
attr resultdir results_no_transient
attr runnumber 16
attr seedset 16
param **.PS.maxInventoriedPS 2
param **.U1.interArrivalTime exponential(4s)
param **.U2.interArrivalTime exponential(6s)
param **.PS.serviceTimeForInventoryU1 exponential(1.4s)
param **.PS.serviceTimeForInventoryU2 exponential(1.4s)
param **.PS.serviceTimeDirectU1 exponential(1.8s)
param **.PS.serviceTimeDirectU2 exponential(1.8s)
param **.PS.probabilityProducing 0.8
param **.CS.serviceTimeU1 exponential(2.3s)
param **.CS.serviceTimeU2 exponential(2.3s)

vector 0 Pizza.EntryQueueU1 queueLength:vector ETV
attr interpolationmode sample-hold
attr title "queue length, vector"
vector 1 Pizza.CS queueLength:vector ETV
attr interpolationmode sample-hold
attr title "queue length, vector"
vector 2 Pizza.EntryQueueU2 queueLength:vector ETV
attr interpolationmode sample-hold
attr title "queue length, vector"
vector 3 Pizza.sink lifeTime:vector ETV
attr interpolationmode none
attr title "lifetime of arrived jobs, vector"
attr unit s
vector 4 Pizza.sink lifeTimeU1:vector ETV
attr interpolationmode none
attr title "lifetime of arrived jobs, vector"
attr unit s
vector 5 Pizza.sink lifeTimeU2:vector ETV
attr interpolationmode none
attr title "lifetime of arrived jobs, vector"
attr unit s
0	0	0	0
0	18	3.973083641955	1
0	21	5.113668580682	0
0	42	12.007468550332	1
0	48	13.743259636713	2
0	52	15.53801292629	3
0	54	15.909726063362	4
0	55	16.141447235162	3
0	61	16.878328974357	4
0	64	17.393658772077	5
0	65	18.965391437561	4
0	72	19.703865305068	3
0	81	23.663697312157	2
0	89	27.016026485207	1
0	96	27.382564068827	2
0	97	28.40232373586	1
0	104	29.56040757203	2
0	105	31.059422342851	1
0	111	31.903688853484	2
0	113	33.249379064381	1
0	118	33.537379043582	0
0	132	36.231409654479	1
0	137	37.962022852382	0
0	148	39.682473493352	1
0	150	39.723829360801	2
0	156	41.486586891674	3
0	157	41.540832831155	2
0	163	44.660000695282	1
0	169	45.546065047092	2
0	171	45.913283889532	1
0	179	49.434982832526	2
0	184	62.631486160651	3
0	185	62.672671634289	2
0	193	66.667003122149	1
0	198	68.388946008847	0
0	213	75.286064152758	1
0	218	78.733492776938	0
0	225	79.000512715946	1
0	226	79.885002444197	0
0	233	80.657640584226	1
0	234	80.896897666234	0
0	246	85.999384825556	1
0	247	90.036798930892	0
0	254	91.13867664735	1
0	257	91.435213750677	0
0	263	91.905001440988	1
0	264	94.03460038335	0
0	287	97.717075097299	1
0	289	98.241090977353	2
0	290	98.688461143014	1
1	0	0	0
2	0	0	0
2	16	3.887509671495	1
2	20	4.960342398486	2
2	27	5.397862816954	3
2	28	7.774400609362	2
2	35	10.3741579421	3
2	36	11.061626279782	2
2	40	11.409232544675	3
2	44	13.137575834497	4
2	50	15.222060078564	5
2	71	18.966743747827	6
2	80	22.798917246516	7
2	87	24.134151575165	8
2	123	34.20452640227	7
2	128	34.550460748429	6
2	134	36.996363349424	7
2	141	38.040549904095	8
2	146	39.369248012599	9
2	154	40.824957093874	10
2	177	46.579994133027	11
2	182	56.545616752786	12
2	192	65.25057183447	13
2	204	68.680725635582	14
2	206	70.466822155279	13
2	215	76.381966471235	14
2	217	77.714550756491	15
2	240	82.90817028545	14
2	269	94.197349020197	13
2	276	96.416145678001	12
2	281	97.430736809861	11
3	7	1.221245552503	0.210487082057
3	23	5.113668580682	2.740673553124
3	30	7.774400609362	3.801316967407
3	38	11.061626279782	7.174116608287
3	57	16.141447235162	11.181104836676
3	67	18.965391437561	6.957922887229
3	74	19.703865305068	5.960605668355
3	83	23.663697312157	8.125684385867
3	91	27.016026485207	11.106300421845
3	99	28.40232373586	11.523994761503
3	107	31.059422342851	13.665763570774
3	115	33.249379064381	5.866814995554
3	120	33.537379043582	3.976971471552
3	125	34.20452640227	2.300837548786
3	130	34.550460748429	29.152597931475
3	139	37.962022852382	27.587864910282
3	159	41.540832831155	5.309423176676
3	165	44.660000695282	4.97752720193
3	173	45.913283889532	6.189454528731
3	187	62.672671634289	21.186084742615
3	195	66.667003122149	21.120938075057
3	200	68.388946008847	18.953963176321
3	208	70.466822155279	7.835335994628
3	220	78.733492776938	67.324260232263
3	228	79.885002444197	4.598938291439
3	236	80.896897666234	1.896384950288
3	242	82.90817028545	2.250529701224
3	249	90.036798930892	76.899223096395
3	259	91.435213750677	5.435828925121
3	266	94.03460038335	2.895923736
3	271	94.197349020197	2.292347579209
3	278	96.416145678001	81.194085599437
3	283	97.430736809861	78.463993062034
3	292	98.688461143014	75.889543896498
4	7	1.221245552503	0.210487082057
4	30	7.774400609362	3.801316967407
4	67	18.965391437561	6.957922887229
4	74	19.703865305068	5.960605668355
4	83	23.663697312157	8.125684385867
4	91	27.016026485207	11.106300421845
4	99	28.40232373586	11.523994761503
4	107	31.059422342851	13.665763570774
4	115	33.249379064381	5.866814995554
4	120	33.537379043582	3.976971471552
4	125	34.20452640227	2.300837548786
4	159	41.540832831155	5.309423176676
4	165	44.660000695282	4.97752720193
4	173	45.913283889532	6.189454528731
4	187	62.672671634289	21.186084742615
4	195	66.667003122149	21.120938075057
4	200	68.388946008847	18.953963176321
4	208	70.466822155279	7.835335994628
4	228	79.885002444197	4.598938291439
4	236	80.896897666234	1.896384950288
4	242	82.90817028545	2.250529701224
4	259	91.435213750677	5.435828925121
4	266	94.03460038335	2.895923736
4	271	94.197349020197	2.292347579209
5	23	5.113668580682	2.740673553124
5	38	11.061626279782	7.174116608287
5	57	16.141447235162	11.181104836676
5	130	34.550460748429	29.152597931475
5	139	37.962022852382	27.587864910282
5	220	78.733492776938	67.324260232263
5	249	90.036798930892	76.899223096395
5	278	96.416145678001	81.194085599437
5	283	97.430736809861	78.463993062034
5	292	98.688461143014	75.889543896498

