version 2
run Third-n4-16-20191125-12:38:07-2736
attr configname Third-n4
attr datetime 20191125-12:38:07
attr experiment Third-n4
attr inifile omnetpp.ini
attr iterationvars ""
attr iterationvarsf ""
attr measurement ""
attr network org.omnetpp.queueing.Pizza
attr processid 2736
attr repetition 16
attr replication ""
attr resultdir results_no_transient
attr runnumber 16
attr seedset 16
param **.PS.maxInventoriedPS 4
param **.U1.interArrivalTime exponential(4s)
param **.U2.interArrivalTime exponential(6s)
param **.PS.serviceTimeForInventoryU1 exponential(1.4s)
param **.PS.serviceTimeForInventoryU2 exponential(1.4s)
param **.PS.serviceTimeDirectU1 exponential(1.8s)
param **.PS.serviceTimeDirectU2 exponential(1.8s)
param **.PS.probabilityProducing 0.8
param **.CS.serviceTimeU1 exponential(2.3s)
param **.CS.serviceTimeU2 exponential(2.3s)

vector 0 Pizza.EntryQueueU1 queueLength:vector ETV
attr interpolationmode sample-hold
attr title "queue length, vector"
vector 1 Pizza.CS queueLength:vector ETV
attr interpolationmode sample-hold
attr title "queue length, vector"
vector 2 Pizza.EntryQueueU2 queueLength:vector ETV
attr interpolationmode sample-hold
attr title "queue length, vector"
vector 3 Pizza.sink lifeTime:vector ETV
attr interpolationmode none
attr title "lifetime of arrived jobs, vector"
attr unit s
vector 4 Pizza.sink lifeTimeU1:vector ETV
attr interpolationmode none
attr title "lifetime of arrived jobs, vector"
attr unit s
vector 5 Pizza.sink lifeTimeU2:vector ETV
attr interpolationmode none
attr title "lifetime of arrived jobs, vector"
attr unit s
0	0	0	0
0	16	3.973083641955	1
0	21	4.688305459949	2
0	25	8.005835543379	3
0	27	8.754840503303	2
0	35	9.752920377972	1
0	41	11.188382451189	0
0	47	11.325688939559	1
0	49	12.550173686825	0
0	66	16.236896248079	1
0	68	16.413605615971	2
0	70	16.65733032699	3
0	73	18.476806861035	2
0	81	21.829136034085	1
0	88	22.241818985298	2
0	89	23.215433284738	1
0	96	24.419662488501	2
0	97	25.872531891729	1
0	104	26.762943769955	2
0	105	28.062488613259	1
0	110	28.35048859246	0
0	119	31.447245134946	1
0	121	31.743724336993	0
0	127	32.048870084788	1
0	131	33.105854775215	2
0	133	34.372874716712	3
0	134	35.245391585846	2
0	139	35.803413400335	1
0	146	39.089838351301	0
0	155	40.144669053184	1
0	156	41.618506624173	0
0	165	43.655355731533	1
0	166	43.854634350797	0
0	197	57.964066768189	1
0	198	60.760488206425	0
0	210	64.875713653044	1
0	212	65.764103176548	2
0	215	66.260807820046	1
0	221	67.213656344307	0
0	243	85.35749917949	1
0	245	86.794560982346	2
0	248	88.975294879797	1
0	255	89.226586755884	2
0	258	93.02871465506	1
0	263	93.191463291907	0
0	285	98.851316303997	1
0	287	99.783018930036	2
1	0	0	0
2	0	0	0
2	14	3.375738702232	1
2	34	9.740565964986	2
2	54	13.047975012782	1
2	60	14.516974853946	0
2	72	17.188352553088	1
2	79	18.523586881737	2
2	117	31.385798655996	3
2	153	39.926638031323	4
2	163	42.908312364125	5
2	175	50.434851229644	6
2	176	51.442623764469	5
2	181	52.757516054895	4
2	186	55.591783230826	3
2	191	56.301766473176	2
2	204	60.854846415367	3
2	206	64.408913137132	2
2	226	67.457452911696	1
2	232	71.872510439511	0
2	257	90.129011856733	1
2	270	95.410259949711	0
2	281	98.165185192282	1
3	7	1.221245552503	0.210487082057
3	29	8.754840503303	6.381845475745
3	37	9.752920377972	5.779836736017
3	43	11.188382451189	6.50007699124
3	51	12.550173686825	4.544338143446
3	56	13.047975012782	1.722286073223
3	62	14.516974853946	11.141236151714
3	75	18.476806861035	8.736240896049
3	83	21.829136034085	5.592239786006
3	91	23.215433284738	6.801827668767
3	99	25.872531891729	9.215201564739
3	107	28.062488613259	5.820669627961
3	112	28.35048859246	3.930826103959
3	123	31.743724336993	4.980780567038
3	136	35.245391585846	3.7981464509
3	141	35.803413400335	3.754543315547
3	148	39.089838351301	5.983983576086
3	158	41.618506624173	7.245631907461
3	168	43.854634350797	3.709965297613
3	178	51.442623764469	7.787268032936
3	183	52.757516054895	35.569163501807
3	188	55.591783230826	37.068196349089
3	193	56.301766473176	24.91596781718
3	200	60.760488206425	20.833850175102
3	208	64.408913137132	6.444846368943
3	217	66.260807820046	23.352495455921
3	223	67.213656344307	2.337942691263
3	228	67.457452911696	1.693349735148
3	234	71.872510439511	21.437659209867
3	238	79.001139084953	18.146292669586
3	250	88.975294879797	6.555220755755
3	260	93.02871465506	7.67121547557
3	265	93.191463291907	6.396902309561
3	272	95.410259949711	6.183673193827
3	276	96.424851081571	6.295839224838
4	7	1.221245552503	0.210487082057
4	37	9.752920377972	5.779836736017
4	43	11.188382451189	6.50007699124
4	51	12.550173686825	4.544338143446
4	56	13.047975012782	1.722286073223
4	83	21.829136034085	5.592239786006
4	91	23.215433284738	6.801827668767
4	99	25.872531891729	9.215201564739
4	107	28.062488613259	5.820669627961
4	112	28.35048859246	3.930826103959
4	123	31.743724336993	4.980780567038
4	136	35.245391585846	3.7981464509
4	141	35.803413400335	3.754543315547
4	148	39.089838351301	5.983983576086
4	158	41.618506624173	7.245631907461
4	168	43.854634350797	3.709965297613
4	178	51.442623764469	7.787268032936
4	208	64.408913137132	6.444846368943
4	223	67.213656344307	2.337942691263
4	228	67.457452911696	1.693349735148
4	260	93.02871465506	7.67121547557
4	265	93.191463291907	6.396902309561
4	272	95.410259949711	6.183673193827
5	29	8.754840503303	6.381845475745
5	62	14.516974853946	11.141236151714
5	75	18.476806861035	8.736240896049
5	183	52.757516054895	35.569163501807
5	188	55.591783230826	37.068196349089
5	193	56.301766473176	24.91596781718
5	200	60.760488206425	20.833850175102
5	217	66.260807820046	23.352495455921
5	234	71.872510439511	21.437659209867
5	238	79.001139084953	18.146292669586
5	250	88.975294879797	6.555220755755
5	276	96.424851081571	6.295839224838

