version 2
run Third-n2-12-20191125-12:37:44-3376
attr configname Third-n2
attr datetime 20191125-12:37:44
attr experiment Third-n2
attr inifile omnetpp.ini
attr iterationvars ""
attr iterationvarsf ""
attr measurement ""
attr network org.omnetpp.queueing.Pizza
attr processid 3376
attr repetition 12
attr replication ""
attr resultdir results_no_transient
attr runnumber 12
attr seedset 12
param **.PS.maxInventoriedPS 2
param **.U1.interArrivalTime exponential(4s)
param **.U2.interArrivalTime exponential(6s)
param **.PS.serviceTimeForInventoryU1 exponential(1.4s)
param **.PS.serviceTimeForInventoryU2 exponential(1.4s)
param **.PS.serviceTimeDirectU1 exponential(1.8s)
param **.PS.serviceTimeDirectU2 exponential(1.8s)
param **.PS.probabilityProducing 0.8
param **.CS.serviceTimeU1 exponential(2.3s)
param **.CS.serviceTimeU2 exponential(2.3s)

vector 0 Pizza.EntryQueueU1 queueLength:vector ETV
attr interpolationmode sample-hold
attr title "queue length, vector"
vector 1 Pizza.CS queueLength:vector ETV
attr interpolationmode sample-hold
attr title "queue length, vector"
vector 2 Pizza.EntryQueueU2 queueLength:vector ETV
attr interpolationmode sample-hold
attr title "queue length, vector"
vector 3 Pizza.sink lifeTime:vector ETV
attr interpolationmode none
attr title "lifetime of arrived jobs, vector"
attr unit s
vector 4 Pizza.sink lifeTimeU1:vector ETV
attr interpolationmode none
attr title "lifetime of arrived jobs, vector"
attr unit s
vector 5 Pizza.sink lifeTimeU2:vector ETV
attr interpolationmode none
attr title "lifetime of arrived jobs, vector"
attr unit s
0	0	0	0
0	16	6.058772836419	1
0	17	7.347231324444	0
0	23	7.459481980149	1
0	27	12.637321568175	2
0	28	14.581599610948	1
0	34	17.14533877533	2
0	38	19.772832833512	3
0	40	21.220393137187	2
0	45	21.588710737462	1
0	50	23.116650171729	0
0	64	29.519074466734	1
0	69	30.100149573316	2
0	70	30.229290320545	1
0	77	33.759591210488	0
0	88	34.552446791866	1
0	94	35.412927889664	0
0	125	42.598877687398	1
0	131	45.087015517057	2
0	134	48.177596461511	1
0	140	48.557679927665	0
0	163	56.092002950925	1
0	164	56.331252330748	0
0	177	59.055022124776	1
0	181	60.281596268664	2
0	184	61.288178626946	1
0	192	63.247531218611	0
0	203	65.012104746064	1
0	207	66.254550501809	0
0	227	69.162994789519	1
0	228	69.192699817691	0
0	261	81.522385635301	1
0	265	83.605608984343	2
0	268	84.971311123048	1
0	273	84.978885899423	0
0	296	95.322079108474	1
0	298	95.887847850985	2
0	301	96.68487657234	1
0	307	97.385365099811	2
0	309	99.087852048837	1
1	0	0	0
2	0	0	0
2	5	3.545945608248	1
2	9	5.379515078339	2
2	12	5.467608403752	3
2	14	5.674934520679	4
2	36	19.533490513518	5
2	55	25.595102428647	4
2	60	26.739489343184	3
2	74	31.026642084453	4
2	82	34.500157997028	3
2	92	34.849849962819	4
2	99	35.711140216645	3
2	105	36.911635557182	2
2	111	40.494852435902	1
2	115	40.72814295201	2
2	119	42.096626484383	1
2	127	42.604712866202	2
2	129	42.729434342484	3
2	133	45.537210808435	4
2	146	49.295842983139	5
2	148	52.471080457583	4
2	153	53.342939972047	3
2	159	55.362748869622	4
2	161	55.702297906922	5
2	171	57.545670155041	4
2	179	59.869548480226	5
2	183	60.5930818942	6
2	190	62.540131022474	7
2	197	64.113617827759	6
2	213	66.612488681285	7
2	215	68.01544476239	8
2	216	68.101299111841	7
2	221	68.276809580187	6
2	234	71.525854289429	5
2	240	74.371662251589	4
2	245	75.645473958184	3
2	250	77.703093065367	2
2	255	78.567775446382	1
2	259	79.319309311538	2
2	263	82.014584278417	3
2	277	85.652967819981	4
2	280	87.232380465721	3
2	287	92.908731631193	2
2	292	94.870665890405	1
2	316	99.474691320934	2
3	19	7.347231324444	6.677517636111
3	30	14.581599610948	8.522826774529
3	42	21.220393137187	13.760911157038
3	47	21.588710737462	8.951389169287
3	52	23.116650171729	5.971311396399
3	57	25.595102428647	5.822269595135
3	62	26.739489343184	23.193543734936
3	72	30.229290320545	24.849775242206
3	79	33.759591210488	4.240516743754
3	84	34.500157997028	4.400008423712
3	96	35.412927889664	29.945319485912
3	101	35.711140216645	1.158693424779
3	107	36.911635557182	31.236701036503
3	113	40.494852435902	20.961361922384
3	121	42.096626484383	11.06998439993
3	136	48.177596461511	13.327746498692
3	142	48.557679927665	5.958802240267
3	150	52.471080457583	7.384064940526
3	155	53.342939972047	12.614797020037
3	166	56.331252330748	13.726539464546
3	173	57.545670155041	1.453667204116
3	186	61.288178626946	18.558744284462
3	194	63.247531218611	4.192509093835
3	199	64.113617827759	3.832021559095
3	209	66.254550501809	20.717339693374
3	218	68.101299111841	3.089194365777
3	223	68.276809580187	18.980966597048
3	230	69.192699817691	13.829950948069
3	236	71.525854289429	2.36285949991
3	242	74.371662251589	18.669364344667
3	247	75.645473958184	15.775925477958
3	252	77.703093065367	17.110011171167
3	257	78.567775446382	16.027644423908
3	270	84.971311123048	18.358822441763
3	275	84.978885899423	3.456500264122
3	282	87.232380465721	3.626771481378
3	289	92.908731631193	24.893286868803
3	294	94.870665890405	15.551356578867
3	303	96.68487657234	14.670292293923
3	311	99.087852048837	3.765772940363
4	19	7.347231324444	6.677517636111
4	30	14.581599610948	8.522826774529
4	42	21.220393137187	13.760911157038
4	47	21.588710737462	8.951389169287
4	52	23.116650171729	5.971311396399
4	57	25.595102428647	5.822269595135
4	79	33.759591210488	4.240516743754
4	84	34.500157997028	4.400008423712
4	101	35.711140216645	1.158693424779
4	142	48.557679927665	5.958802240267
4	150	52.471080457583	7.384064940526
4	173	57.545670155041	1.453667204116
4	194	63.247531218611	4.192509093835
4	199	64.113617827759	3.832021559095
4	218	68.101299111841	3.089194365777
4	236	71.525854289429	2.36285949991
4	275	84.978885899423	3.456500264122
4	282	87.232380465721	3.626771481378
4	311	99.087852048837	3.765772940363
5	62	26.739489343184	23.193543734936
5	72	30.229290320545	24.849775242206
5	96	35.412927889664	29.945319485912
5	107	36.911635557182	31.236701036503
5	113	40.494852435902	20.961361922384
5	121	42.096626484383	11.06998439993
5	136	48.177596461511	13.327746498692
5	155	53.342939972047	12.614797020037
5	166	56.331252330748	13.726539464546
5	186	61.288178626946	18.558744284462
5	209	66.254550501809	20.717339693374
5	223	68.276809580187	18.980966597048
5	230	69.192699817691	13.829950948069
5	242	74.371662251589	18.669364344667
5	247	75.645473958184	15.775925477958
5	252	77.703093065367	17.110011171167
5	257	78.567775446382	16.027644423908
5	270	84.971311123048	18.358822441763
5	289	92.908731631193	24.893286868803
5	294	94.870665890405	15.551356578867
5	303	96.68487657234	14.670292293923

