version 2
run Third-n2-11-20191125-12:37:43-10600
attr configname Third-n2
attr datetime 20191125-12:37:43
attr experiment Third-n2
attr inifile omnetpp.ini
attr iterationvars ""
attr iterationvarsf ""
attr measurement ""
attr network org.omnetpp.queueing.Pizza
attr processid 10600
attr repetition 11
attr replication ""
attr resultdir results_no_transient
attr runnumber 11
attr seedset 11
param **.PS.maxInventoriedPS 2
param **.U1.interArrivalTime exponential(4s)
param **.U2.interArrivalTime exponential(6s)
param **.PS.serviceTimeForInventoryU1 exponential(1.4s)
param **.PS.serviceTimeForInventoryU2 exponential(1.4s)
param **.PS.serviceTimeDirectU1 exponential(1.8s)
param **.PS.serviceTimeDirectU2 exponential(1.8s)
param **.PS.probabilityProducing 0.8
param **.CS.serviceTimeU1 exponential(2.3s)
param **.CS.serviceTimeU2 exponential(2.3s)

vector 0 Pizza.EntryQueueU1 queueLength:vector ETV
attr interpolationmode sample-hold
attr title "queue length, vector"
vector 1 Pizza.CS queueLength:vector ETV
attr interpolationmode sample-hold
attr title "queue length, vector"
vector 2 Pizza.EntryQueueU2 queueLength:vector ETV
attr interpolationmode sample-hold
attr title "queue length, vector"
vector 3 Pizza.sink lifeTime:vector ETV
attr interpolationmode none
attr title "lifetime of arrived jobs, vector"
attr unit s
vector 4 Pizza.sink lifeTimeU2:vector ETV
attr interpolationmode none
attr title "lifetime of arrived jobs, vector"
attr unit s
vector 5 Pizza.sink lifeTimeU1:vector ETV
attr interpolationmode none
attr title "lifetime of arrived jobs, vector"
attr unit s
0	0	0	0
0	7	0.795119552695	1
0	9	1.6583795449	2
0	12	2.647125681843	1
0	22	6.821355299315	2
0	23	9.056364407368	1
0	30	11.933506660632	0
0	42	14.431093911426	1
0	43	14.915975977892	0
0	101	35.811685036803	1
0	103	36.477490255124	0
0	137	47.723442911519	1
0	141	52.250433406409	2
0	142	53.000910862084	1
0	148	54.787236420302	2
0	150	54.995275429526	3
0	151	55.202380253485	2
0	157	55.905005284432	1
0	162	56.054395042349	0
0	170	56.789706720421	1
0	174	62.677953494947	2
0	176	64.104379048444	3
0	178	65.071664574538	4
0	181	66.171397470517	3
0	187	69.903109637111	4
0	193	71.948602254875	5
0	195	72.104038232902	4
0	205	74.468030309146	3
0	212	76.177885679259	4
0	216	77.462972491389	5
0	217	77.550893810101	4
0	223	77.867399156411	5
0	225	78.24281707884	6
0	226	78.597822119074	5
0	231	79.260400549947	4
0	239	80.718987534544	5
0	241	80.917534679298	4
0	247	82.075983581836	3
0	255	84.619267106883	4
0	257	85.708281388363	3
0	264	90.254998927312	2
0	270	90.757628646093	1
0	277	90.844161684439	0
0	289	91.779209097471	1
0	292	93.577427079766	0
0	303	96.750456018152	1
0	304	99.2021851985	0
1	0	0	0
2	0	0	0
2	5	0.542514817516	1
2	19	4.275500086219	2
2	35	12.348489432602	1
2	48	15.790745342028	0
2	56	21.339405408182	1
2	57	21.773331902654	0
2	97	34.189108145067	1
2	110	38.004452914053	0
2	135	46.804613476869	1
2	166	56.171389858823	2
2	168	56.297095431505	3
2	172	58.611977500566	4
2	185	67.947842977815	5
2	201	72.128035125873	6
2	204	73.68116750483	7
2	214	77.349593907882	8
2	237	79.791669123715	9
2	253	82.750508833282	10
2	276	90.842557040009	11
2	282	91.10499376431	10
2	298	94.299642068061	11
2	301	96.458274912607	12
2	311	99.918151859542	13
3	14	2.647125681843	2.222615153374
3	25	9.056364407368	8.261244854673
3	32	11.933506660632	10.275127115732
3	37	12.348489432602	5.527134133287
3	45	14.915975977892	14.373461160376
3	50	15.790745342028	1.359651430602
3	59	21.773331902654	17.497831816435
3	63	22.656296314357	1.316890906175
3	71	24.475567998445	0.600881077413
3	78	26.761505383229	1.517811206767
3	85	28.572474155589	0.105671851123
3	92	30.03969615908	1.343759887885
3	105	36.477490255124	5.727059296726
3	112	38.004452914053	2.19276787725
3	116	39.019731941448	4.830623796381
3	123	41.599390961078	1.881497443974
3	130	42.520641761456	0.081597152497
3	144	53.000910862084	8.253467799006
3	153	55.202380253485	7.478937341966
3	159	55.905005284432	3.654571878023
3	164	56.054395042349	1.267158622047
3	183	66.171397470517	11.176122040991
3	197	72.104038232902	15.314331512481
3	207	74.468030309146	11.790076814199
3	219	77.550893810101	13.446514761657
3	228	78.597822119074	13.526157544536
3	233	79.260400549947	9.357290912836
3	243	80.917534679298	8.968932424423
3	249	82.075983581836	5.898097902577
3	259	85.708281388363	8.245308896974
3	266	90.254998927312	12.387599770901
3	272	90.757628646093	12.514811567253
3	279	90.844161684439	10.125174149895
3	284	91.10499376431	6.485726657427
3	294	93.577427079766	46.772813602897
3	306	99.2021851985	7.422976101029
4	14	2.647125681843	2.222615153374
4	45	14.915975977892	14.373461160376
4	59	21.773331902654	17.497831816435
4	63	22.656296314357	1.316890906175
4	71	24.475567998445	0.600881077413
4	78	26.761505383229	1.517811206767
4	116	39.019731941448	4.830623796381
4	123	41.599390961078	1.881497443974
4	130	42.520641761456	0.081597152497
4	144	53.000910862084	8.253467799006
4	294	93.577427079766	46.772813602897
5	25	9.056364407368	8.261244854673
5	32	11.933506660632	10.275127115732
5	37	12.348489432602	5.527134133287
5	50	15.790745342028	1.359651430602
5	85	28.572474155589	0.105671851123
5	92	30.03969615908	1.343759887885
5	105	36.477490255124	5.727059296726
5	112	38.004452914053	2.19276787725
5	153	55.202380253485	7.478937341966
5	159	55.905005284432	3.654571878023
5	164	56.054395042349	1.267158622047
5	183	66.171397470517	11.176122040991
5	197	72.104038232902	15.314331512481
5	207	74.468030309146	11.790076814199
5	219	77.550893810101	13.446514761657
5	228	78.597822119074	13.526157544536
5	233	79.260400549947	9.357290912836
5	243	80.917534679298	8.968932424423
5	249	82.075983581836	5.898097902577
5	259	85.708281388363	8.245308896974
5	266	90.254998927312	12.387599770901
5	272	90.757628646093	12.514811567253
5	279	90.844161684439	10.125174149895
5	284	91.10499376431	6.485726657427
5	306	99.2021851985	7.422976101029

