version 2
run Third-n3-19-20191125-12:38:05-10148
attr configname Third-n3
attr datetime 20191125-12:38:05
attr experiment Third-n3
attr inifile omnetpp.ini
attr iterationvars ""
attr iterationvarsf ""
attr measurement ""
attr network org.omnetpp.queueing.Pizza
attr processid 10148
attr repetition 19
attr replication ""
attr resultdir results_no_transient
attr runnumber 19
attr seedset 19
param **.PS.maxInventoriedPS 3
param **.U1.interArrivalTime exponential(4s)
param **.U2.interArrivalTime exponential(6s)
param **.PS.serviceTimeForInventoryU1 exponential(1.4s)
param **.PS.serviceTimeForInventoryU2 exponential(1.4s)
param **.PS.serviceTimeDirectU1 exponential(1.8s)
param **.PS.serviceTimeDirectU2 exponential(1.8s)
param **.PS.probabilityProducing 0.8
param **.CS.serviceTimeU1 exponential(2.3s)
param **.CS.serviceTimeU2 exponential(2.3s)

vector 0 Pizza.EntryQueueU1 queueLength:vector ETV
attr interpolationmode sample-hold
attr title "queue length, vector"
vector 1 Pizza.CS queueLength:vector ETV
attr interpolationmode sample-hold
attr title "queue length, vector"
vector 2 Pizza.EntryQueueU2 queueLength:vector ETV
attr interpolationmode sample-hold
attr title "queue length, vector"
vector 3 Pizza.sink lifeTime:vector ETV
attr interpolationmode none
attr title "lifetime of arrived jobs, vector"
attr unit s
vector 4 Pizza.sink lifeTimeU1:vector ETV
attr interpolationmode none
attr title "lifetime of arrived jobs, vector"
attr unit s
vector 5 Pizza.sink lifeTimeU2:vector ETV
attr interpolationmode none
attr title "lifetime of arrived jobs, vector"
attr unit s
0	0	0	0
0	28	10.178522957092	1
0	31	10.488162937289	0
0	38	11.245212648073	1
0	40	11.905222680326	2
0	41	12.080834599704	1
0	47	13.206457797598	0
0	67	19.978357061431	1
0	68	20.533166860739	0
0	74	20.597470875821	1
0	75	21.252228544764	0
0	84	22.214366352583	1
0	92	27.157266858636	2
0	93	27.528488461265	1
0	99	28.618516334965	0
0	129	35.351697561256	1
0	138	45.022911831159	0
0	150	46.093841315554	1
0	155	50.252263383708	2
0	156	50.886586965444	1
0	161	51.227751214028	0
0	173	54.720680727074	1
0	176	54.835735596558	2
0	178	57.683413545544	1
0	186	61.818831908343	0
0	212	68.525617518389	1
0	214	72.031699783681	2
0	216	73.284256742195	3
0	218	75.16439523131	4
0	219	76.820897882329	3
0	226	81.596455596085	2
0	231	82.53564131534	1
0	237	83.5553133332	2
0	238	83.714174554382	1
0	243	83.841654185776	0
1	0	0	0
2	0	0	0
2	26	10.132916285404	1
2	30	10.451889021936	2
2	53	14.279850691245	1
2	59	17.734887209207	0
2	65	18.024729586721	1
2	80	22.029711674219	0
2	88	23.755418584628	1
2	104	28.740777855132	0
2	118	30.77977798628	1
2	120	30.842164608437	2
2	121	31.134296945577	1
2	125	31.476778145147	2
2	127	32.688776582894	3
2	131	38.178185210354	4
2	133	39.36697992271	5
2	143	45.049986179424	4
2	152	47.461401233021	5
2	166	52.598271716779	4
2	191	63.153284340943	3
2	197	63.983099863135	4
2	199	66.259522606702	3
2	204	66.53303740408	2
2	210	67.48642295484	3
2	248	85.216124105692	2
2	254	86.087907080375	1
2	262	90.057294295394	0
3	7	1.71052345113	1.300028150124
3	15	3.821194064259	0.443549822001
3	33	10.488162937289	4.348319154208
3	43	12.080834599704	1.902311642612
3	49	13.206457797598	1.961245149525
3	55	14.279850691245	2.374628010919
3	61	17.734887209207	7.601970923803
3	70	20.533166860739	10.081277838803
3	77	21.252228544764	1.273871483333
3	82	22.029711674219	1.432240798398
3	95	27.528488461265	9.503758874544
3	101	28.618516334965	6.404149982382
3	106	28.740777855132	1.583510996496
3	110	29.26615946881	5.510740884182
3	123	31.134296945577	0.748840758172
3	140	45.022911831159	14.243133844879
3	145	45.049986179424	9.698288618168
3	158	50.886586965444	20.044422357007
3	163	51.227751214028	5.133909898474
3	168	52.598271716779	2.346008333071
3	180	57.683413545544	26.206635400397
3	188	61.818831908343	7.098151181269
3	193	63.153284340943	8.317548744385
3	201	66.259522606702	33.570746023808
3	206	66.53303740408	28.354852193726
3	221	76.820897882329	37.453917959619
3	228	81.596455596085	13.070838077696
3	233	82.53564131534	10.503941531659
3	240	83.714174554382	10.429917812187
3	245	83.841654185776	8.677258954466
3	250	85.216124105692	1.660810772492
3	256	86.087907080375	38.626505847354
3	264	90.057294295394	26.074194432259
3	268	90.245542234451	22.759119279611
3	275	97.000469354244	0.779712536032
4	7	1.71052345113	1.300028150124
4	33	10.488162937289	4.348319154208
4	43	12.080834599704	1.902311642612
4	49	13.206457797598	1.961245149525
4	55	14.279850691245	2.374628010919
4	77	21.252228544764	1.273871483333
4	82	22.029711674219	1.432240798398
4	101	28.618516334965	6.404149982382
4	106	28.740777855132	1.583510996496
4	123	31.134296945577	0.748840758172
4	145	45.049986179424	9.698288618168
4	163	51.227751214028	5.133909898474
4	168	52.598271716779	2.346008333071
4	188	61.818831908343	7.098151181269
4	193	63.153284340943	8.317548744385
4	228	81.596455596085	13.070838077696
4	233	82.53564131534	10.503941531659
4	240	83.714174554382	10.429917812187
4	245	83.841654185776	8.677258954466
4	250	85.216124105692	1.660810772492
4	275	97.000469354244	0.779712536032
5	15	3.821194064259	0.443549822001
5	61	17.734887209207	7.601970923803
5	70	20.533166860739	10.081277838803
5	95	27.528488461265	9.503758874544
5	110	29.26615946881	5.510740884182
5	140	45.022911831159	14.243133844879
5	158	50.886586965444	20.044422357007
5	180	57.683413545544	26.206635400397
5	201	66.259522606702	33.570746023808
5	206	66.53303740408	28.354852193726
5	221	76.820897882329	37.453917959619
5	256	86.087907080375	38.626505847354
5	264	90.057294295394	26.074194432259
5	268	90.245542234451	22.759119279611

