version 2
run Third-n4-17-20191125-12:38:09-9972
attr configname Third-n4
attr datetime 20191125-12:38:09
attr experiment Third-n4
attr inifile omnetpp.ini
attr iterationvars ""
attr iterationvarsf ""
attr measurement ""
attr network org.omnetpp.queueing.Pizza
attr processid 9972
attr repetition 17
attr replication ""
attr resultdir results_no_transient
attr runnumber 17
attr seedset 17
param **.PS.maxInventoriedPS 4
param **.U1.interArrivalTime exponential(4s)
param **.U2.interArrivalTime exponential(6s)
param **.PS.serviceTimeForInventoryU1 exponential(1.4s)
param **.PS.serviceTimeForInventoryU2 exponential(1.4s)
param **.PS.serviceTimeDirectU1 exponential(1.8s)
param **.PS.serviceTimeDirectU2 exponential(1.8s)
param **.PS.probabilityProducing 0.8
param **.CS.serviceTimeU1 exponential(2.3s)
param **.CS.serviceTimeU2 exponential(2.3s)

vector 0 Pizza.EntryQueueU1 queueLength:vector ETV
attr interpolationmode sample-hold
attr title "queue length, vector"
vector 1 Pizza.CS queueLength:vector ETV
attr interpolationmode sample-hold
attr title "queue length, vector"
vector 2 Pizza.EntryQueueU2 queueLength:vector ETV
attr interpolationmode sample-hold
attr title "queue length, vector"
vector 3 Pizza.sink lifeTime:vector ETV
attr interpolationmode none
attr title "lifetime of arrived jobs, vector"
attr unit s
vector 4 Pizza.sink lifeTimeU2:vector ETV
attr interpolationmode none
attr title "lifetime of arrived jobs, vector"
attr unit s
vector 5 Pizza.sink lifeTimeU1:vector ETV
attr interpolationmode none
attr title "lifetime of arrived jobs, vector"
attr unit s
0	0	0	0
0	5	1.396329674268	1
0	7	2.246730910068	2
0	15	8.107354914916	1
0	22	9.125971289312	0
0	33	11.034763139415	1
0	35	11.174425995395	2
0	43	14.397887362564	1
0	49	15.16301209714	0
0	73	19.566168863545	1
0	78	21.692715478634	0
0	89	23.94226296462	1
0	91	26.168529036673	0
0	98	27.299499513054	1
0	101	27.979674904408	0
0	107	27.991957772693	1
0	108	28.269702172472	0
0	114	29.001649127502	1
0	119	33.304631158111	0
0	131	35.7835685986	1
0	132	35.803380105838	0
0	163	44.531189375002	1
0	165	44.574202371134	2
0	167	44.846043096713	3
0	169	46.707986603369	4
0	172	49.139186614604	3
0	177	49.280080941449	2
0	182	49.480187191516	1
0	187	49.893974157249	0
0	193	50.171176338343	1
0	197	53.545569652584	0
0	235	70.760075465387	1
0	237	71.025180730441	2
0	242	72.70066667049	1
0	247	72.958814985861	0
0	264	86.802219418026	1
0	265	88.686645054956	0
0	278	90.695835009392	1
0	280	92.873948300431	0
0	297	95.964580927981	1
0	298	95.98570026187	0
0	313	99.622193804196	1
1	0	0	0
2	0	0	0
2	11	5.741358486445	1
2	21	8.909425736444	2
2	28	9.162316503898	3
2	29	9.268394035948	2
2	42	14.231963370986	3
2	56	16.368877402222	4
2	57	17.059168376063	3
2	62	18.049099131806	2
2	67	19.382267688248	1
2	71	19.394435180409	2
2	77	20.375952380327	3
2	83	22.139401273833	2
2	100	27.971833049711	3
2	116	32.651284244246	4
2	125	35.780524391209	3
2	138	36.252721232322	2
2	143	40.134134737919	1
2	149	40.969621665051	0
2	156	42.226498423849	1
2	157	42.531305942193	0
2	161	43.065032095696	1
2	202	54.165848539506	0
2	233	70.436111313693	1
2	239	71.476076932118	2
2	254	75.104010413862	3
2	255	75.123786854106	2
2	262	79.454074194868	3
2	270	88.878801137785	2
2	276	90.188007739279	3
2	285	93.212170434683	2
2	291	94.875068167893	1
2	304	97.061681863954	2
2	307	97.678431476116	1
3	17	8.107354914916	6.903627074994
3	24	9.125971289312	7.729641615044
3	31	9.268394035948	7.02166312588
3	45	14.397887362564	8.656528876119
3	51	15.16301209714	4.128248957725
3	59	17.059168376063	5.884742380668
3	64	18.049099131806	9.139673395362
3	69	19.382267688248	10.21995118435
3	80	21.692715478634	7.460752107648
3	85	22.139401273833	2.573232410288
3	93	26.168529036673	9.799651634451
3	103	27.979674904408	4.037411939788
3	110	28.269702172472	0.970202659418
3	121	33.304631158111	5.312673385418
3	127	35.780524391209	6.778875263707
3	134	35.803380105838	16.408944925429
3	140	36.252721232322	0.469152633722
3	145	40.134134737919	19.758182357592
3	151	40.969621665051	12.99778861534
3	159	42.531305942193	9.880021697947
3	174	49.139186614604	6.912688190755
3	179	49.280080941449	4.748891566447
3	184	49.480187191516	4.905984820382
3	189	49.893974157249	5.047931060536
3	199	53.545569652584	6.837583049215
3	204	54.165848539506	3.994672201163
3	211	59.782075167857	16.717043072161
3	219	67.932507562113	2.715314938575
3	226	68.593637598026	0.572027552617
3	244	72.70066667049	2.989530094035
3	249	72.958814985861	2.198739520474
3	257	75.123786854106	4.098606123665
3	267	88.686645054956	18.250533741263
3	272	88.878801137785	2.076581719759
3	282	92.873948300431	21.397871368313
3	287	93.212170434683	2.516335425291
3	293	94.875068167893	19.771057754031
3	300	95.98570026187	16.531626067002
3	309	97.678431476116	1.713850548135
4	17	8.107354914916	6.903627074994
4	45	14.397887362564	8.656528876119
4	64	18.049099131806	9.139673395362
4	69	19.382267688248	10.21995118435
4	80	21.692715478634	7.460752107648
4	93	26.168529036673	9.799651634451
4	134	35.803380105838	16.408944925429
4	145	40.134134737919	19.758182357592
4	151	40.969621665051	12.99778861534
4	159	42.531305942193	9.880021697947
4	174	49.139186614604	6.912688190755
4	211	59.782075167857	16.717043072161
4	226	68.593637598026	0.572027552617
4	267	88.686645054956	18.250533741263
4	282	92.873948300431	21.397871368313
4	293	94.875068167893	19.771057754031
4	300	95.98570026187	16.531626067002
5	24	9.125971289312	7.729641615044
5	31	9.268394035948	7.02166312588
5	51	15.16301209714	4.128248957725
5	59	17.059168376063	5.884742380668
5	85	22.139401273833	2.573232410288
5	103	27.979674904408	4.037411939788
5	110	28.269702172472	0.970202659418
5	121	33.304631158111	5.312673385418
5	127	35.780524391209	6.778875263707
5	140	36.252721232322	0.469152633722
5	179	49.280080941449	4.748891566447
5	184	49.480187191516	4.905984820382
5	189	49.893974157249	5.047931060536
5	199	53.545569652584	6.837583049215
5	204	54.165848539506	3.994672201163
5	219	67.932507562113	2.715314938575
5	244	72.70066667049	2.989530094035
5	249	72.958814985861	2.198739520474
5	257	75.123786854106	4.098606123665
5	272	88.878801137785	2.076581719759
5	287	93.212170434683	2.516335425291
5	309	97.678431476116	1.713850548135

