version 2
run Third-n2-0-20191125-12:37:34-9376
attr configname Third-n2
attr datetime 20191125-12:37:34
attr experiment Third-n2
attr inifile omnetpp.ini
attr iterationvars ""
attr iterationvarsf ""
attr measurement ""
attr network org.omnetpp.queueing.Pizza
attr processid 9376
attr repetition 0
attr replication ""
attr resultdir results_no_transient
attr runnumber 0
attr seedset 0
param **.PS.maxInventoriedPS 2
param **.U1.interArrivalTime exponential(4s)
param **.U2.interArrivalTime exponential(6s)
param **.PS.serviceTimeForInventoryU1 exponential(1.4s)
param **.PS.serviceTimeForInventoryU2 exponential(1.4s)
param **.PS.serviceTimeDirectU1 exponential(1.8s)
param **.PS.serviceTimeDirectU2 exponential(1.8s)
param **.PS.probabilityProducing 0.8
param **.CS.serviceTimeU1 exponential(2.3s)
param **.CS.serviceTimeU2 exponential(2.3s)

vector 0 Pizza.EntryQueueU1 queueLength:vector ETV
attr interpolationmode sample-hold
attr title "queue length, vector"
vector 1 Pizza.CS queueLength:vector ETV
attr interpolationmode sample-hold
attr title "queue length, vector"
vector 2 Pizza.EntryQueueU2 queueLength:vector ETV
attr interpolationmode sample-hold
attr title "queue length, vector"
vector 3 Pizza.sink lifeTime:vector ETV
attr interpolationmode none
attr title "lifetime of arrived jobs, vector"
attr unit s
vector 4 Pizza.sink lifeTimeU1:vector ETV
attr interpolationmode none
attr title "lifetime of arrived jobs, vector"
attr unit s
vector 5 Pizza.sink lifeTimeU2:vector ETV
attr interpolationmode none
attr title "lifetime of arrived jobs, vector"
attr unit s
0	0	0	0
0	10	8.207221050453	1
0	13	10.852402924663	0
0	23	12.359858253108	1
0	28	18.476701168498	0
0	34	19.048703054408	1
0	42	24.452685565951	0
0	49	26.282180111508	1
0	50	28.56390719186	0
0	59	32.305317146058	1
0	60	33.257959288457	0
0	77	38.726275374304	1
0	78	39.643449922535	0
0	85	42.215560154472	1
0	87	45.166869321496	2
0	89	45.614653964027	3
0	90	46.300617021905	2
0	96	46.774884570575	1
0	101	47.336196099269	0
0	110	47.756916844938	1
0	113	48.663327711422	0
0	119	51.602440601201	1
0	123	55.747014831378	0
0	129	56.182996420001	1
0	131	56.601241323102	2
0	133	56.849702484968	3
0	136	58.498062770129	2
0	143	60.947239630797	1
0	148	61.987074369314	0
0	171	70.850557222786	1
0	175	72.782207510344	0
0	181	72.990815931119	1
0	184	73.458637570289	2
0	185	73.730960339166	1
0	190	74.234385711133	0
0	196	74.984860943786	1
0	200	79.329938467299	2
0	202	79.384596781022	3
0	206	79.793176307122	4
0	208	80.197315408358	5
0	210	82.186900557701	4
0	219	90.83933331206	3
0	225	92.179953606454	2
0	231	93.204418368869	1
0	236	94.084630551251	0
0	240	94.491668897736	1
0	244	96.631206400764	2
0	246	96.896396006693	3
0	248	97.87397779902	4
1	0	0	0
2	0	0	0
2	5	5.391362330904	1
2	19	10.930701119729	2
2	25	12.84083796478	3
2	27	17.356882644657	4
2	37	21.280178047984	5
2	39	23.74964602544	6
2	41	24.296612182186	7
2	56	30.564287232035	8
2	65	34.681497045598	7
2	71	37.294156611532	6
2	106	47.379823808432	5
2	121	53.635618446886	6
2	135	57.222094907796	7
2	153	62.077195629064	6
2	159	63.815569713102	7
2	161	64.461380362038	8
2	163	70.460156665239	7
2	169	70.808338842151	8
2	174	72.560822041754	9
2	194	74.242484092628	10
2	198	77.00256783907	11
2	218	87.324557785369	12
2	242	95.390029418283	13
3	15	10.852402924663	7.6689049064
3	30	18.476701168498	10.269480118045
3	44	24.452685565951	12.092827312843
3	52	28.56390719186	9.515204137452
3	62	33.257959288457	6.975779176949
3	67	34.681497045598	2.37617989954
3	73	37.294156611532	31.902794280628
3	80	39.643449922535	28.712748802806
3	92	46.300617021905	7.574341647601
3	98	46.774884570575	4.559324416103
3	103	47.336196099269	2.169326777773
3	108	47.379823808432	1.765169844405
3	115	48.663327711422	35.822489746642
3	125	55.747014831378	7.99009798644
3	138	58.498062770129	6.895622168928
3	145	60.947239630797	4.764243210796
3	150	61.987074369314	5.385833046212
3	155	62.077195629064	5.227493144096
3	165	70.460156665239	53.103274020582
3	177	72.782207510344	51.50202946236
3	187	73.730960339166	2.88040311638
3	192	74.234385711133	1.243569780014
3	212	82.186900557701	8.728262987412
3	221	90.83933331206	15.854472368274
3	227	92.179953606454	12.850015139155
3	233	93.204418368869	13.819821587847
3	238	94.084630551251	14.291454244129
4	15	10.852402924663	7.6689049064
4	30	18.476701168498	10.269480118045
4	44	24.452685565951	12.092827312843
4	52	28.56390719186	9.515204137452
4	62	33.257959288457	6.975779176949
4	67	34.681497045598	2.37617989954
4	92	46.300617021905	7.574341647601
4	98	46.774884570575	4.559324416103
4	103	47.336196099269	2.169326777773
4	108	47.379823808432	1.765169844405
4	125	55.747014831378	7.99009798644
4	138	58.498062770129	6.895622168928
4	145	60.947239630797	4.764243210796
4	150	61.987074369314	5.385833046212
4	155	62.077195629064	5.227493144096
4	187	73.730960339166	2.88040311638
4	192	74.234385711133	1.243569780014
4	212	82.186900557701	8.728262987412
4	221	90.83933331206	15.854472368274
4	227	92.179953606454	12.850015139155
4	233	93.204418368869	13.819821587847
4	238	94.084630551251	14.291454244129
5	73	37.294156611532	31.902794280628
5	80	39.643449922535	28.712748802806
5	115	48.663327711422	35.822489746642
5	165	70.460156665239	53.103274020582
5	177	72.782207510344	51.50202946236

